
 68 60 56 44 49 55 14 70 34 53 50 52 48 61 46 51 66
 25 17 59 62 15 41 27 40 29
 5 0 7 42 65 11 81 12 2 1 8
 9 13 64 67 58
 36 33 26 28 31 21 72 16 10 35 39
 69 45 63 47
 77 76 18 24 57 80 75 78 79 32 6 71 3 30 23 4 74 19
 38 54 73 20 22 37 43

1205.36

 41 27 59 64
 79 6 81 7 11 1 5 0 25 8 2 62
 77 19 26 18 4 80 24 71 57 78 30 3 20 73 10 74 76 54 23
 75 17 9 42 37 40
 12 28 39 31
 47 45 69 58 50 61 52 70 60 49 51 48 68 13 46 63 56
 33 21 15 32 36 16 29 35
 22 34 67 55 14 72 43 44 53 66 38 65

1240.61

 42 17 41 40
 18 77 25 80 76 78 19 4 81 23 75 3 26 73 74 57 38
 59 65 27 15 62
 43 12 8 30
 28 32 21 36 39 35 33 10 31 22 29
 16 2 1 79 47 11 6 7 5 0 24 71
 46 69 49 44 56 63 50 68 52 70 58 51 48 45 60 13 61
 64 37 72 9 34 20 55 66 14 53 54 67

1272.61

 3 80 25 77 78 15 20 19 74 18 26 12 76 1 32 57
 30 59 47 27 62 8 29 81
 36 22 39 21 10 31 16 33 35 28
 67 34 66 55 14 53 72
 40 38 24 17 41 37 75 73 9 42 23 4
 46 56 50 70 45 79 49 63 61 52 5 51 60 58 48 13 69 68
 44 43 65 64
 0 71 7 2 54 6 11

1165.51

 35 21 36 16
 27 32 33 29 15
 46 68 49 66 61 63 70 59 69 45 60 48 62 47
 25 80 5 1 2 11 8 10 13 79 57 30 7 6 81
 12 42 64
 24 74 77 9 23 37 71 3 73 20 19 18 38 4 75 78 54 76
 58 44 51 55 50 72 67 14 43 52 65 34 56 53
 28 31 17 41 26 40 39 22 0

1219.64

 56 55 58 66 49 67 53 34 50 48 51 44 70 65 13 52 72
 31 35 21 39 36 28
 27 54 73 59 19 80 4 26 71 76 12 77 25 74 38 23
 79 6 81 1 30 57 0 8 78 10 5 11 2 16
 33 32 29 15
 24 7 3 41 20
 22 37 75 17 42 40 18 9 14
 61 62 63 60 46 47 64 68 43 45 69

1094.01

 66 68 56 60 50 61 52 13 63 70 47 69 48 59 49 58 46
 25 11 1 57 79 2 7 80 5 78 6 81 12 30 71
 76 23 26 18 39 28 10 38 36 19 21 73 24 74 4 77
 43 64 44 65
 75 17 8 9 37 42 40
 15 33 32 20 29 27 41 3 62
 0 22 16
 67 14 34 55 54 31 72 35 45 53 51

1161.22

 52 63 45 48 51 61 50 60 68 58 13 49 46 70 56 67 47
 39 16 35 26 21 28 36 31 23 33 10
 41 12 18
 76 24 81 32 25 5 4 6 3 79 78 77 57 74 30 80 19 73 20
 1 7 2 11 0 71
 37 40 65 43 8 17 75 69 44 9 42
 66 14 64 55 53 34 72
 54 59 27 62 38 22 15 29

1191.13

 27 29 62
 58 50 60 49 61 46 48 13 70 66 47 63 59 51 14 44
 39 34 36 72 67 31 21 35 28 53 33 55
 12 15 32 71 78 20 37 4 76 80 77 19 3 25 23 26
 30 16 75 18 79 7 10 9 57 73 81 74 8
 11 5 24 0 2 6 1
 22 54 42
 45 64 65 52 43 38 41 69 40 56 17 68

1089.19

 65 43 64 44
 5 1 71 7 11 6 0 2 47 79
 48 52 58 51 60 61 69 46 67 66 70 68 63 56 45 49 50
 34 53 72 55 14
 37 81 18 77 76 80 74 13 32 19 4 75 24 23 78 73 57 3
 40 17 28 31 15 27 25 26 39 59
 10 8 21 22 35 29 36 33 16 30
 20 41 54 42 9 12 38 62

1278.77

1278.77 127.877

instancias-Grupos/TipoA/DCC136-82_01.txt

 56 69 48 50 60 51 67 63 52 70 13 61 49 66 45 46 58
 43 59 65 64
 17 28 31 39
 14 53 55 72 12 34
 73 26 77 80 6 18 4 44 81 71 23 57 19 76 68 74 78
 35 79 7 5 16 1 0 24 2 10 21 11 36
 29 27 15 33 20 62 3 32 41 25
 38 22 37 42 40 54 47 75 30 9 8

1191.24

 35 10 29 36 21 28 33 32 22 39 31
 40 80 30 24 71 78 23 76 4 57 38 18 37 74 26 77 19
 16 59 64
 81 62 0 7 25 6 27 5 11 1 2 79
 9 75 8 42 73
 46 50 56 45 49 63 13 69 68 44 47 60 61 70 52 51 48
 3 20 15 41 65
 14 72 53 34 12 17 58 66 67 54 43 55

1229.26

 70 64 69 66 48 58 63 50 60 51 49 61 13 56 52 46 44
 27 3 25 80 4 32 47 76 77 38 79 73 78 15 57 59 74
 9 81 30 19 1 8 37 75 24 42 18
 17 31 26 41 39 40 28 12 20 23
 65 62 45 68
 72 34 67 53 14 55
 7 71 5 2 11 6 0
 16 22 36 54 33 29 35 10 21 43

1101.69

 69 66 70 51 60 58 47 50 55 45 72 46 48 61 59
 25 3 80 19 30 63 1 79 77 41 20 40 71 76 74 57
 28 10 17 31 39 26 22
 11 6 78 13 5 4 2 73 8 9 81 75 38 18 23 7
 16 21 35 36 34
 15 62 33 27 29 32
 64 42 12
 44 14 52 43 65 53 67 49 0 24 37 68 56 54

1091.62

 26 8 72 81 18 23 20 47 42 19 12
 65 64 43 44
 25 15 4 77 78 76 3 57 27 41 38 32 73 9 75 74 59
 51 61 45 68 58 66 46 55 52 60 69 49 70 50 53 67 13 56
 36 33 39 35 28 17 21 10 29 31 40
 14 37 34
 16 22 62
 11 0 54 1 63 79 71 7 80 24 2 30 5 48 6

1216.72

 55 66 49 50 70 61 34 58 13 68 51 63 14 48 46 53 60
 12 17 41 40
 69 45 56 65 64 47 52 67 43 44
 33 28 36 35 21 31 16 39
 76 80 77 10 26 1 4 20 23 24 71 57 25 74 19 78 3 32 79
 8 81 72 18 0 30 11 75 9 7 73 5 2
 62 27 29 59 15
 38 6 42 22 37 54

1226.89

 70 60 58 13 47 63 50 51 66 48 49 69 46 61 56 45 52
 20 41 17 40
 33 21 35 36 16
 71 1 81 6 18 57 80 30 5 2 10 19 79 7 11
 75 24 44 43 37 8 76 73 74 77 4 23 78 3 9 38
 12 22 42
 34 14 64 62 55 54 0 68 53 67 72
 15 59 27 31 32 29 28 25 39 65 26

1235.48

 42 40 17 41
 3 19 75 25 24 23 18 77 80 76 74 9 78 57 73 26 20 4
 15 28 31 27 39 29 32 33
 10 21 16 36 22 35
 30 11 81 47 2 5 71 79 0 6 7 1 8
 37 12 64
 14 46 55 67 49 43 51 56 50 45 58 44 53 72 60 52
 69 66 61 54 70 38 34 59 48 62 63 68 13 65

1208.57

 41 28 31 39
 23 24 73 10 77 19 26 40 3 71 74 80 76 78 4 57 75 17
 16 35 21 36
 59 25 33 15 62 32 29 27
 63 61 46 48 50 70 60 66 49 58 69 68 51 47 45 13 52
 44 34 14 55 65 67 64 43 72 53 37 56
 22 54 0 42 12
 81 18 8 79 1 7 9 11 2 6 30 38 5 20

1227.96

 70 49 68 60 46 47 50 63 58 61 66 56 45 48 59 52
 51 55 64 67 65 53 14 43 34 44 72
 69 57 73 77 3 4 24 80 18 1 25 74 78 37 76 30 19
 35 31 39 23 36 10 32 21 28 33 29 20 26
 2 8 17 7 71 81 11 42 75 6 9 40 13
 79 22 5 0
 62 15 27
 38 41 12 54 16

1174.07

 70 60 58 13 47 63 50 51 66 48 49 69 46 61 56 45 52
 20 41 17 40
 33 21 35 36 16
 71 1 81 6 18 57 80 30 5 2 10 19 79 7 11
 75 24 44 43 37 8 76 73 74 77 4 23 78 3 9 38
 12 22 42
 34 14 64 62 55 54 0 68 53 67 72
 15 59 27 31 32 29 28 25 39 65 26

{{70, 60, 58, 13, 47, 63, 50, 51, 66, 48, 49, 69, 46, 61, 56, 45, 52}, {20, 41, 17, 40}, {33, 21, 35, 36, 16}, {71, 1, 81, 6, 18, 57, 80, 30, 5, 2, 10, 19, 79, 7, 11}, {75, 24, 44, 43, 37, 8, 76, 73, 74, 77, 4, 23, 78, 3, 9, 38}, {12, 22, 42}, {34, 14, 64, 62, 55, 54, 0, 68, 53, 67, 72}, {15, 59, 27, 31, 32, 29, 28, 25, 39, 65, 26}}
1235,48 1190,35
Process returned 0 (0x0)   execution time : 610.393 s
Press any key to continue.