
 46 48 58 61 66 49 45 68 63 77 47 60 70
 27 33 28 15 39 59 25 29 31 32 62
 23 5 0 4 73 19 79 76 24 80 8 17 38 78 40 26 37 30 74 12
 13 9 75 42
 50 53 56 55 34 69 67 51 52 14 43 65 64 44
 1 81 57 3 72 41 18 20
 7 2 6 71 11
 16 21 36 10 22 35 54

1120.31

 1 30 8 5 22 81 12 10 6 80 0 18 2 3 23 24
 66 48 62
 69 70 58 63 50 68 47 52 45 13 60 46 56 67 61
 64 73 40 4 71 76 37 38 54 43 74 49 77 17 41 44 65
 21 16 35 55 72 51 36 53 34 14
 15 7 57 27 79 11 29 59 25 32 33
 75 42 9 78
 39 19 26 31 20 28

1118.44

 20 62 66
 16 10 21 35 22
 28 39 31 15 25 29 17 26 27 41 33 32 59
 24 76 3 18 36 81 4 77 5 23 80 8 19 40 0 38 71 78
 70 58 69 51 52 50 79 46 63 60 61 30 68 13 45
 7 2 6 1 11
 73 42 12 47 48 74 54 37 9 75
 56 44 72 67 49 65 57 53 64 14 34 55 43

1216.68

 58 68 45 49 48 46 47 63 52 51 50 70 13 56
 35 16 21 36
 1 81 5 60 69 65 6 7 11 2 0 79
 53 55 72 14 34 67 57 66
 73 18 78 76 24 44 80 30 71 64 38 43 77 23 12 61 3 74 4 8
 41 19 40 26 39 28 31 22 20 17 10
 33 25 29 62 15 59 27 32
 42 75 9 54 37

1078.12

 65 66 62
 49 69 70 48 56 58 63 46 50 52 44 61 13
 20 12 41 15
 35 36 10 55 34 16 14 53 67 57 51 21
 19 39 31 72 26 28
 80 29 59 30 25 33 79 64 71 68 5 27 32 0 60 6 47 45
 75 81 18 40 38 23 78 8 76 9 4 3 77 74 37 73 17 24
 11 1 54 2 7 43 42 22

1091.52

 62 19 20
 7 81 6 0 30 12 80 24 8 71 5 2 23 11 1
 75 44 38 18 17 57 9 41 78 77 43 74 4 40 3 76 37 73
 36 34 66 21 55 51 67 35 72 53 14
 52 49 56 65
 28 10 25 27 39 33 15 31 22 32 26 59 29
 79 46 69 13 70 58 50 47 60 48 64 61 68 63 45
 54 42 16

1209.86

 80 0 5 79 30 11 8 12 7 2 1 81 42
 61 51 13 50 60 47 34 70 55 63 68 56 58 14 46 45
 18 23 22 24 28 26 39 31 72 10 19
 65 66 3 41 20
 76 37 77 57 38 17 53 64 4 43 59 44 73 40 25 69
 74 78 67 52 75 9 49
 71 48 16 6
 36 35 21 33 15 62 32 27 29 54

1089.76

 42 9 75 74
 58 49 48 68 13 60 56 50 52 70 46 69 63
 79 30 7 10 6 0 1 81 11 2 47 45 8 22 5
 65 25 62 59 27 32 29 33 15
 17 31 39 28
 73 19 37 78 4 76 80 24 23 71 41 26 12 18 40 77 3
 54 36 20 16 35 21
 57 51 55 34 53 44 67 14 38 64 66 72 43 61

1155.92

 16 28 31 21 15 33 39 36 27 35 32 29
 72 53 67 62 55 34 66
 51 61 60 13 45 50 58 14 49 68 69 63 44 46 70
 56 65 43 52 59
 30 22 1 79 47 81 5 0 12 57 10 48 8 2
 7 71 6 11
 26 25 77 40 18 19 23 76 4 24 64 17 80 38 3 37 78
 74 73 20 75 54 42 9 41

1192.07

 34 60 55 70 50 63 48 61 58 68 46 51 14 45 47 53
 79 6 11 2 1 0 5 7 81 69 13 65
 21 36 16 35 22 10
 39 31 72 28
 18 76 44 26 71 80 19 24 3 30 4 40 12 78 37 38 8 23 64
 17 74 75 41 9 42 73
 52 43 54 67 20 56 49
 66 15 62 77 25 59 27 33 57 29 32

1138.47

 20 62 66
 16 10 21 35 22
 28 39 31 15 25 29 17 26 27 41 33 32 59
 24 76 3 18 36 81 4 77 5 23 80 8 19 40 0 38 71 78
 70 58 69 51 52 50 79 46 63 60 61 30 68 13 45
 7 2 6 1 11
 73 42 12 47 48 74 54 37 9 75
 56 44 72 67 49 65 57 53 64 14 34 55 43

{{20, 62, 66}, {16, 10, 21, 35, 22}, {28, 39, 31, 15, 25, 29, 17, 26, 27, 41, 33, 32, 59}, {24, 76, 3, 18, 36, 81, 4, 77, 5, 23, 80, 8, 19, 40, 0, 38, 71, 78}, {70, 58, 69, 51, 52, 50, 79, 46, 63, 60, 61, 30, 68, 13, 45}, {7, 2, 6, 1, 11}, {73, 42, 12, 47, 48, 74, 54, 37, 9, 75}, {56, 44, 72, 67, 49, 65, 57, 53, 64, 14, 34, 55, 43}}
1216.68 1141.11
Process returned 0 (0x0)   execution time : 610.337 s
Press any key to continue.
