
 72 70 66 13 55 58 34 63 14 51 47 53
 15 17 20 41 3
 76 24 80 25 79 57 23 5 27 40 81 77 7 30 18 73 8 6 48
 9 74 42 75 37
 36 31 39 10 12 32 33 21 4 19 35 28 26 29
 49 67 45 50 56 52 60 46 61 69 62 44 68 65 43
 78 64 59
 16 2 54 71 11 0 1 22 38

1237.17

 16 10 35 36 21 22
 9 74 78 75
 19 77 27 26 23 18 39 4 73 76 38 31 37 28 40 72 25
 45 51 13 61 70 69 62 46 68 58 48 47 49 50 60
 17 33 20 41 29 15 32 3
 55 53 56 14 43 34 67 65 44 64 66
 71 80 79 1 42 81 0 6 12 24 8 30 2 11 57 5 7
 63 54 59 52

1240.27

 27 18 80 41 15 2 25 19 81 76 4 20 3 73 30 1 6 12 5
 46 68 63 52 60 45 69 47 62 79 61
 36 28 21 16 32 23 35 33 26 29 39 31 24 8
 42 37 74 78 9 75
 10 40 22 17
 50 51 44 70 67 58 53 34 66 55 65 77 43 48 57 13 72 49
 59 56 14 64
 0 11 71 38 7 54

1105.82

 17 41 20 3 15
 5 24 27 23 6 25 19 18 40 81 77 42 30 65 7 76 80 2 73 12 1
 51 61 63 60 69 45 13 70 49 46 68 48 50 58 66
 21 26 31 39 28 33 32 35 79 36 16 10 57
 74 4 11 9 38 78 0 37 75 8 71
 67 72 56 52 55 34 14 53
 44 64 59 43
 62 29 47 54 22

1244.71

 62 32 27 37 25 15 40 4 57 17 76 74 73 29
 49 68 67 50 70 44 72 13 66 43 56 51 53 34 55 65
 26 33 10 36 35 28 21 16 39 14 31
 78 9 42 75
 24 0 77 71 6 1 19 23 5 30 80 12 7 18 2 8 81 11
 58 79 46 60 45 48 52 69 47 63 61
 22 64 59
 38 54 41 20 3

1195.36

 51 67 56 43 72 34 53 55 14 44 52 74
 31 33 3 28 25 29 62 32 26 39 41 20
 36 16 78 35 22 21 10
 60 48 61 79 70 69 49 66 47 68 50 45 58 46
 81 18 77 37 76 57 23 40 4 30 8 65 75 6 27 5 73 13 80 19 42
 11 24 7 2 0 1 71
 15 59 64
 54 17 12 9 63 38

1236.02

 27 80 15 30 8 3 5 76 4 1 74 81 25 20 29 73 38
 35 70 66 13 63 68 47 16 48 21 36 34
 43 65 64 59 57 42 75 44 78 9 77 37
 79 19 12 18
 45 58 52 51 53 62 46 56 49 61 55 67 60 72 50 69
 33 17 26 40 39 41 10 31 28 32 23
 11 6 71 2 7 24 0
 22 14 54

1012.06

 19 23 5 4 27 80 29 73 18 38 25 76 26 6 12 30 1 7 81
 9 13 40 74 78 42 37 8 75
 45 79 61 62 77 57 46 69 52 48 60 63 68
 17 64 59
 24 0 11 71 2
 33 35 39 36 22 31 16 32 28 10 15 65 21
 43 54 20 47 41 3
 14 34 56 49 66 51 53 55 44 50 67 70 58 72

1164.86

 69 70 60 49 48 58 68 51 66 50 63 46 47 61
 25 8 30 23 45 13 81 1 79 27 59 5 2 80 6 42 29 12
 38 75 9 4 65 40 57 54 73 44 43 37 74 76 77
 36 34 72 39 55 32 35 33 10 21 28 16 53 26 31
 56 64 67 52
 20 3 15 41 17
 71 78 7 11 0
 24 19 18 22 62 14

1125.99

 72 34 65 53 15 56 14 55
 80 78 19 20 3 73 30 81 4 11 5 2 7 12 8 38 1 6 18 42
 26 27 25 41 31 28 32 39 59 33 29 17
 57 37 77 74 75 23 76 64 44 9 43 40
 63 47 71
 10 22 21 16 79 35 0 36
 46 67 70 69 45 52 13 50 60 58 48 68 49 61 51
 24 66 54 62

1118.39

 17 41 20 3 15
 5 24 27 23 6 25 19 18 40 81 77 42 30 65 7 76 80 2 73 12 1
 51 61 63 60 69 45 13 70 49 46 68 48 50 58 66
 21 26 31 39 28 33 32 35 79 36 16 10 57
 74 4 11 9 38 78 0 37 75 8 71
 67 72 56 52 55 34 14 53
 44 64 59 43
 62 29 47 54 22

{{17, 41, 20, 3, 15}, {5, 24, 27, 23, 6, 25, 19, 18, 40, 81, 77, 42, 30, 65, 7, 76, 80, 2, 73, 12, 1}, {51, 61, 63, 60, 69, 45, 13, 70, 49, 46, 68, 48, 50, 58, 66}, {21, 26, 31, 39, 28, 33, 32, 35, 79, 36, 16, 10, 57}, {74, 4, 11, 9, 38, 78, 0, 37, 75, 8, 71}, {67, 72, 56, 52, 55, 34, 14, 53}, {44, 64, 59, 43}, {62, 29, 47, 54, 22}}
1244.71 1168.06
Process returned 0 (0x0)   execution time : 610.153 s
Press any key to continue.