
 12 26 39 77 4 71 19 28 18 72 23 31 38
 9 13 42 78 75
 40 15 27 76 73 37 74 29 54 25 17 62 59
 24 11 3 80 81 30 0 7 79 6 57 10 2 22 41 5 8
 63 61 70 47 60 66 45 69 58 48 46 50
 14 53 34 55 51
 32 35 36 33 16 21
 52 1 68 64 44 65 56 67 20 49 43

1113.46

 63 13 45 69
 75 5 24 6 18 3 81 37 77 74 4 47 79 25 30 80 42 62 76 41
 22 21 10 36 16 78 35
 70 61 51 55 58 49 52 56 66 59 50 34 68 46 60 48
 2 7 11 1 71 0
 54 32 29 27 15
 9 64 43 44 53 67 57 14 65 73
 72 19 26 12 20 23 17 38 8 33 40 39 28 31

1155.1

 46 58 49 52 13 56 61 69 68 66 70 63
 72 51 34 53 67 50 55 14
 81 73 19 75 8 78 24 42 9 18 12 23
 80 6 2 71 5 0 30 48 60 11 1 45 47 79
 64 4 3 41 74 37 62 15 59 40 77 57 65 25 76 44
 20 26 27 31 39 28 17
 33 21 35 36 22 32 16 29 10
 54 38 7 43

1064.88

 1 29 80 15 30 6 79 25 47 65 27 5 12 62 8 42 81 59
 35 36 31 28 32 39 16 26 33 22 10 21 19
 45 52 61 60 49 68 69 46 56 63
 64 70 48 13 66
 4 74 41 76 75 38 9 20 77 24 18 37 23 78 3 40 17
 71 11 0 2 7
 57 73 54
 44 53 67 14 58 72 50 43 51 34 55

1154.77

 68 66 55 34 69 70 58 48 50 13 51 63 46 60 47
 80 28 10 26 12 22 39 1 31 32 29 25 62 79 19 6 59
 23 16 21 36 35 33
 15 61 45
 17 74 18 38 9 76 4 8 42 78 81 30 75 24 27 77 40 37
 44 14 43 64 49 56 52 57 53 67 65
 54 73 41 20 3
 72 0 71 7 5 2 11

1127.75

 65 64 13 15
 18 11 8 80 5 30 24 41 75 78 1 0 81 3 12 42 6
 21 27 37 79 59 32 62 31 25 16 36 74 29 22 76 57 10 35 77
 49 45 48 69 61 60 63 47 70 66 46 68
 7 71 2
 38 39 33 28 17 4 19 26 40 20 23
 44 51 53 67 52 56 14 72 34 50 58 55
 9 73 54 43

1166.4

 73 43 13
 62 27 15 3 20 41
 23 18 5 79 6 8 81 26 10 19 80 39 28 31 24 65 30
 51 48 63 60 58 55 34 70 53 49 46 66 69 68
 16 33 21 36 32 35 29
 11 7 71 0 1 2 12
 67 54 61 14 56 45 57 50 72 52
 4 25 78 38 75 42 74 22 47 37 59 17 40 76 77 9 44 64

1137.61

 48 62 69 13
 72 53 35 21 36
 2 81 1 10 80 0 7 16 8 78 6 12 24 30 22 5
 45 70 61 52 66 34 55 68 58 56 50 46 60 63 47
 18 71 54 19 40 4 57 37 76 74 77 75 42
 43 44 49 64 65 67 14 51
 27 29 32 23 33 31 41 15 17 28 79 25 39 3 26 59
 73 11 20 9 38

1127.97

 37 73 3 76 12 4 41 74 54 40 25 59 38 20 62 17
 29 33 15 32
 7 71 11 64 9 44 0 43 78 8 75
 50 70 46 34 14 55 51 68 52 58 66 49 48 47 63 65 56
 57 67 53
 19 23 18 39 79 80 77 27 5 6 42 26 28 81 30 31 24 10
 69 61 45 13 60
 2 72 21 1 35 22 16 36

1124.42

 68 66 69 50 13 48 51 46 47 63 70 58 55 14
 53 32 33
 23 24 39 80 19 31 10 30 5 7 12 6 28 35 26 21 22 79
 57 25 4 15 76 20 59 74 38 27 77 62 29 41 37 36 3
 40 9 81 16 0 75 73 17 72 8 11 18 78 42
 61 60 45
 2 71 1
 67 34 49 43 64 56 65 52 44 54

1039.09

 65 64 13 15
 18 11 8 80 5 30 24 41 75 78 1 0 81 3 12 42 6
 21 27 37 79 59 32 62 31 25 16 36 74 29 22 76 57 10 35 77
 49 45 48 69 61 60 63 47 70 66 46 68
 7 71 2
 38 39 33 28 17 4 19 26 40 20 23
 44 51 53 67 52 56 14 72 34 50 58 55
 9 73 54 43

{{65, 64, 13, 15}, {18, 11, 8, 80, 5, 30, 24, 41, 75, 78, 1, 0, 81, 3, 12, 42, 6}, {21, 27, 37, 79, 59, 32, 62, 31, 25, 16, 36, 74, 29, 22, 76, 57, 10, 35, 77}, {49, 45, 48, 69, 61, 60, 63, 47, 70, 66, 46, 68}, {7, 71, 2}, {38, 39, 33, 28, 17, 4, 19, 26, 40, 20, 23}, {44, 51, 53, 67, 52, 56, 14, 72, 34, 50, 58, 55}, {9, 73, 54, 43}}
1166.4 1121.14
Process returned 0 (0x0)   execution time : 610.218 s
Press any key to continue.