
 7 5 2 6 11 1
 31 10 21 8 35 28 30 22 39 33
 36 32 19 25 26 79 81 40 76 71 77 23 80 24 16 17 15 4 29 37 0
 61 47 58 68 48 50 66 56 13 46 65 52 70
 44 55 57 34 67 53 64 51 14 43 49 72
 42 74 73 75 78 18 9
 62 45 69 63 60 59 27
 20 38 3 54 12 41

1132.68

 66 34 49 60 55 67 50 56 70 68 52 48 61 58 46 51 14
 32 29 15 62 5 11 25 59 33 6 7
 22 35 21 10
 27 24 1 73 37 80 79 26 4 76 0 81 36 40 16 77 17 71 78 19 2
 64 45 43 53 69 63 65 44 47
 12 39 31 28
 54 57 3 20 41
 8 72 75 74 42 38 23 18 13 30 9

1184.08

 81 1 6 40 0 2 17 7 25 78 24 5 79 80
 44 46 50 51 61 53 14 49 70 52 58 66 55 67 68
 77 73 45 74 60 69 71 37 57 48 4 76 47 63 75 9
 13 11 42
 31 18 72 38 19 26 23 39 28 12 20
 35 16 10 36 21 34 22
 56 3 65 59 43 27 62 15 41 64
 54 33 29 32 30 8

1058.53

 35 21 22 10 31
 51 14 56 65 72 64 34 55 53 52 44 67
 60 13 63 50 45 70 68 69 58 48 61 49 46 66
 32 73 25 36 28 29 37 76 26 24 80 19 33 17 4 71 15 77 40 39 78
 42 9 74 75
 47 43 59
 12 3 23 18 62 54 38 41 20 6
 7 57 0 30 2 27 5 11 81 16 8 1 79

1199.57

 25 59 15 29 41 3 27 62
 5 80 77 0 18 79 4 81 76 78 71 57 17 2 8 40 30 73
 44 56 53 64 52 43 65
 75 74 9 13 42 37
 51 61 45 69 60 55 70 66 58 68 14 34 48 49 67 46 50
 47 10 22
 72 36 39 31 26 32 28 19 20 21 16 24 33 35 23
 6 12 7 11 38 54 1 63

1240.48

 32 15 62 33 29 59 25
 72 31 28 39
 47 13 66 48 69 63 70
 11 5 2 8 30 19 26 27 16 81 7 71 79 36 80 0
 17 78 77 3 18 76 37 73 57 4 9 24 38 41 75 40 23
 10 22 6 12 35 21
 50 49 56 34 55 52 58 14 46 45 68 67 51 53 61 60
 65 54 64 44 20 74 1 43 42

1155.96

 52 53 43 72 67 34 64 56 44 55 14
 8 30 35 2 28 21 23 10 5 11 7
 25 80 4 76 26 18 29 77 39 37 81 0 71 19 40 78 79 17 33 73 16 36
 50 70 49 61 68 47 46 66 51 45 69 58 48 63 60
 62 31 59 20 15 32 27 3 65 41
 12 6 1
 13 9 42 75 24 74
 57 38 22 54

1158.25

 10 22 35 21
 27 12 0 30 79 24 80 16 5 23 36 71 18 81
 61 45 48 34 53 47 46 68 70 51 60 49 52 50 66 55
 67 72 31 14 64 56 65 28 39 19 26
 2 6 11 7 1
 58 54 43 77 37 76 4 44 40 17 73 69 38 57 78
 9 13 75 8 42 74
 33 15 3 32 62 25 20 63 41 59 29

1072.17

 25 79 81 33 5 2 30 1 29 16 0 62 6 8
 23 19 76 3 40 71 80 36 21 78 77 26 41 18 4 24 37 17 35
 22 11 7
 59 15 27 32
 39 31 10 28 12
 43 64 34 57 14 53 55 44 72 65 51
 49 56 46 70 69 66 58 60 50 48 52 61 68 67 45
 75 42 74 9 63 13 54 20 47 73 38

1187.66

 32 4 18 54 74 27 77 62 40 25 17 76 38 29 15
 71 5 79 23 0 80 8 11 2 81 37 1 78 30 24
 10 39 33 35 28 26 31 19 12 36 16 21 22
 49 61 51 47 70 52 56 68 48 44 50 58 66 46
 69 63 60 45 59
 65 73 9 13 75 42
 34 53 64 55 72 14 57 67
 6 41 3 20 43 7

1094.72

 25 59 15 29 41 3 27 62
 5 80 77 0 18 79 4 81 76 78 71 57 17 2 8 40 30 73
 44 56 53 64 52 43 65
 75 74 9 13 42 37
 51 61 45 69 60 55 70 66 58 68 14 34 48 49 67 46 50
 47 10 22
 72 36 39 31 26 32 28 19 20 21 16 24 33 35 23
 6 12 7 11 38 54 1 63

{{25, 59, 15, 29, 41, 3, 27, 62}, {5, 80, 77, 0, 18, 79, 4, 81, 76, 78, 71, 57, 17, 2, 8, 40, 30, 73}, {44, 56, 53, 64, 52, 43, 65}, {75, 74, 9, 13, 42, 37}, {51, 61, 45, 69, 60, 55, 70, 66, 58, 68, 14, 34, 48, 49, 67, 46, 50}, {47, 10, 22}, {72, 36, 39, 31, 26, 32, 28, 19, 20, 21, 16, 24, 33, 35, 23}, {6, 12, 7, 11, 38, 54, 1, 63}}
1240.48 1148.41
Process returned 0 (0x0)   execution time : 610.163 s
Press any key to continue.


