
 173 238 23 226 79 48 230 91 100 67 222 31 21 35 41 153 139
 63 77 168 52 1 69 192 189
 219 95 4 87 46 80 97 195 51 2 106 102 166 84 42
 165 0 40 144 18 115 5 44 74 205 158 229 103 53 184 186 177 55 157 57
 59 78 203 151 8 49 206 160 120 6 17 131 7 104 38 150 105 193 127 227
 93 133 94 125 62 126 70 148 14
 64 221 58 37 16 20 191 231 122 212
 220 209 201 200 71 234 225 28 83 33 196 66 27 72 185 202 88 216
 99 141 134 211 181 12 198 143 56 112 19 176 60 89 117 11 162 224 232 101 159 175 90 65 85 9 118 119 111 110 36 197 147 149 156 34 123 75 169 207 152 170 76 218 187 174 145 92 129 116 163 43 154 24 3 188 194 98 214 54 22 137 215 32 161 183 190 182 26
 208 135 68 146 113 45 114 164
 237 13 132 25 172 29 124 130 108 179 239 39 236 96 140 109 210 121 142 128 86 138 73 10 136 178 61 15 233 167 180
 217 223 171 199 155 81 47 30 228 204 213 50 235 107 82

210172

 115 1 113 120 80 105 150 0 30 45 78 160 222 146 97
 104 59 58 86 195 28 95 79 124 61 221 106 8 173 165 230 51 33
 184 155 47 153 193 6 42 35 225 223 227 125 31 103 228 55 67
 145 176 99 56 198 141 96 147 7 161 76 232 187 177 26 181 110 98 34 207 128 182 190 170 92 149 143 218 233 36 108 117 154 60 152 156 32 49 136 224 140 175 11 121 19 163 65 12 116 118 15 18 9 211 119 123 239 194 174 129 210 137 90 43 169 111
 102 5 229 48 127 205 46 16 122 209 186 237 44 201 208 220
 63 37 62 126 70 164 135 219
 69 23 199 166 203 235 2 144 87 50 206 133 130 57 64 114
 13 189 192 216 77 20 168 40 91
 53 25 73 185 158 24 54 179 188 172 109 29 183 212 151 162 214 134 238 159 75 180 142 197 101 215 131 89 39 22 112 236 85 138 167
 14 93 83 3 200 27 88 100 202 38 82 178 17 132 66 234 157 10 196 74 107 72 204
 171 41 148 4 84 231 226 81
 217 52 139 94 68 71 213 21 191

206878

 57 203 122 165 228 220 126 20 189
 168 216 69 8 31 40 153 74 68 91 212 83 103 229 225 53 67
 102 114 213 139 135 113 37 164 208
 195 4 230 186 155 70 125 84 146 46 35 133 160 79
 48 171 206 231 199 226 41 16
 98 85 60 118 163 159 238 218 147 134 111 137 161 17 15 167 198 193 182 12 92 32 190 11 136 116 141 19 34 117 210 101 110 5 90 89 39 99 224 123 36 187 129 119 49 154 181 169 131 56 214 170 26 149 194 174 207 128 76 65 180 73 183 178 152 158
 192 81 1 52 14 142 77 6 55 63 200 21 94 115 150 100
 217 221 166 191 71 223 95 219
 78 235 232 13 162 10 61 44 112 127 138 211 140 9 205 108 18 197 104 177 58 145 86 234 38 156 82 236 54 233 3
 59 144 51 227 132 23 173 130 96 7 24 184 2 143 121 185 66 22 215 151 25 239 29 179 176 175 72
 80 87 106 0 209 42 202 148 109 172 33 157 201 188 28 75 107 124 204
 62 222 64 45 30 97 47 120 237 50 93 43 105 88 27 196

204884

 139 61 124 51 25 13 234 146 18 14 105 202 6 35 125 150 106 41
 184 23 165 47 94 120 20 220 87 223 68 166 50 57 213 64
 190 142 134 170 119 159 183 232 137 129 9 56 167 187 194 39 85 198 180 182 89 152 76 224 141 207 140 98 169 99 117 214 5 143 161 109 145 181 26 19 149 210 12 60 176 92 110 34 123 177 116 174 236 156 154 163 233 179 11 65 111 32 118 162 215 36 218 73
 31 222 67 69 126 122 229 40 235 189 133 144 55 228 199
 171 201 217 102 97 231 212 48 16 221 203 237 208 206
 158 103 42 78 59 219 62 195 95
 196 175 193 188 15 128 83 66 211 104 112 178 101 75 90 96 17 29 27 49 227 22 7 136 43 108 8 2 147 3 204 82
 53 4 160 81 186 114 84 46 70
 37 168 77 52 1 192 113 45
 30 80 93 205 44 132 58 88 239 86 131 107 151 238 173 38 127 10 157 138 54 121 100 197 24
 191 226 71 216 0 209 153 225 148
 164 135 155 230 28 63 72 79 200 91 172 185 33 115 74 130 21

209623

 158 44 100 133 144 196 74 234 88 222 16 30 186 70 57 1 14
 225 52 113 217 223 155 71 216
 120 109 86 8 127 142 175 238 188 156 77 90 5 13 151 197 138 215 179 43 131 80 180 204 93 96 121
 208 62 122 125 41 42 139 126 237 59 107 105 201 35 6
 135 231 45 20 220 51 64 78 213 27 102 23 50 148 82 130
 164 114 230 0 191 97 81 91 47 79 160 106 21 153 124
 63 84 95 166 195 192 69 189
 221 227 28 61 184 33 200 72 185 228 55 25 49 103 172 193 202 18 7 176 143 83
 37 67 206 219 203 171 226 199 87
 117 134 159 167 169 198 161 9 39 26 89 178 60 218 182 110 147 34 163 118 76 207 12 154 75 65 140 145 11 19 101 149 183 233 187 190 29 210 92 54 162 236 108 194 24 32 116 174 112 36 119 152 141 224 98 211 99 123 85 56 214 15 136 170 111 73 137 128 181 232 129
 165 4 94 235 150 177 157 173 38 58 132 115 205 40 22 17 239 10 2 66 3 104 53
 209 48 168 46 212 146 31 229 68

217657

 105 229 217 191 139 48 97 216 52 222 62 168 237
 181 200 154 224 12 36 111 65 89 60 183 49 117 187 178 236 197 162 207 180 58 176 17 214 74 239 184 188 202 238 5 9 3 201 8 161 132 121 73 43 234
 223 219 80 146 37 166 199 69
 192 33 135 124 71 230 16 109 63 77 13 91 14 57 42
 185 61 196 72 4 53 213 227 55 23 151 64 235 177 25 35 115 193 10 195
 122 228 50 126 107 225 130 30 226 45 172 144 133 189 40
 231 93 148 41 206 20 114 221 212
 84 59 125 21 165 28 160 81 1
 208 106 171 46 6 155 203 0 164 120 127
 209 54 38 2 7 186 22 104 134 86 66 88 138 140 18 82 152 173 27 205 204 39 233 150 44 78
 220 87 47 94 68 31 67 103 79 95 102 153 51 113 70 100
 83 75 131 174 92 159 26 56 99 142 211 15 118 112 76 116 119 96 85 190 157 90 170 24 110 156 232 145 29 141 158 34 108 11 198 182 218 98 169 128 179 101 19 215 163 167 137 194 123 32 136 143 129 175 147 149 210

190502

 158 234 202 166 1 88 23 77 63 67 16 176 206 151 125 103 70 184
 225 209 231 139 219 217 97 223
 133 104 43 61 18 94 235 57 165 93 82 144 71 27 74 44 50 196 30
 226 212 20 122 189 168 69 192
 80 14 83 157 132 138 100 90 238 86 108 49 161 210 193 107 121 3 162 7 131 109 38 175 13 205 15 17
 62 146 155 171 135 28 148 79 81 222 4 21 46 126
 64 127 51 130 115 102 33 29 2 58 147 172 25 10 96 142 66 8 239 91 72 188 173 215
 208 124 228 48 203 42 220 6 106 35 237 204 143 227 201 185 153
 191 45 47 87 68 40 113 213 199 150 200 31 78 55 120
 186 53 195 230 59 84 114 95 160
 221 37 164 105 41 229 0 216 52
 224 170 116 56 136 39 236 177 32 22 233 218 167 85 5 163 137 140 24 183 214 145 194 154 111 123 19 152 180 65 141 101 92 178 54 26 211 174 198 89 128 129 75 12 190 119 11 159 99 197 182 76 34 134 169 232 187 9 73 36 179 156 112 60 110 98 207 117 118 149 181

214530

 216 45 1 81 192 87 199 189
 222 237 127 120 208 62 105 203 59
 68 64 102 57 142 148 126 91 103 63 226 6 69 146 135
 79 220 97 30 209 27 164 113 223 95 37 28 219 71
 228 195 93 107 185 88 200 213 84 115 100 225 49 20 61 77 166
 67 191 160 230 47 4 40 184 31 42 193 78 153 51 238 227 150 35
 80 66 196 165 168 44 104 38 74 234 53 157 2 29 172 205 204 94 132 82 72 17
 56 143 176 180 10 109 147 190 218 54 158 58 13 121 108 39 12 138 96 156 179 111 128 233 215 211 90 239 36 175 134 154 21 25 7 15 65 140 177
 202 206 14 124 235 33 106 41 70 139 130 8 131 144 114 151 23 83
 171 60 75 3 197 224 188 76 194 92 118 210 181 5 136 137 182 162 18 159 24 167 183 236 99 43 22 161 34 73 232 11 98 101 169 173 170 89 85 207 152 123 9 145 19 214 112 117 119 110 86 149 26 163 198 141 178 174 32 187 116 129
 0 122 133 229 50 46 231 125 155
 48 52 221 217 16 201 55 186 212

203557

 186 192 226 217 113 139 209 52
 158 163 181 7 12 232 101 109 156 169 56 210 178 112 218 32 160 98 22 65 67 157 29 236 110 38 34 5 180 140 174 173 136 111 10 177 170 66 179 129 60 119 127 25 117
 70 114 41 222 216 64 93 16 48 200 100 63 91 208
 171 0 187 20 77 6 82 49 147 138 184 132 193 107 47 83 17 143 81 18 72 76
 145 43 146 151 154 161 211 9 134 233 215 196 149 54 99 224 152 85 128 26 162 239 214 198 89 118 11 40 74 90 182 15 2 21 141 194 137 92 24 238 19 159 175 234 75
 201 27 94 30 62 221 223 105 144
 97 237 155 189 153 1 131 3 207 123 206 167 57 102 39 183 142 103 8 106 108 53
 13 130 45 71 73 203 190 59 37 172 33 35 197 96 121 58 104 36 124 86 204 44 116
 55 225 28 79 51 220 23 50 202 80 120 88 14 176 228 168 185
 205 195 229 122 231 125 165 84 133
 42 31 213 87 78 188 199 219 135 227 115 235
 164 166 46 126 4 95 61 69 230 148 191 150 68 212

172823

 95 199 79 102 51 46 115 191 40 58 64 150 229 68 213 31
 214 128 218 149 174 190 36 3 169 60 179 118 75 86 170 183 182 207 49 215 167 134 17 236 162 32 193 163 89 224 85 56 15 137 142 98 117 9 11 107 198 12 173 129 211 119 19 34 110 210 116 73 130 99 141 38 152 238 123
 226 69 42 164 1 133 57 186 91 135 225 148 216 21
 151 176 93 212 27 221 120 30 50 14 237 88 122 48 209 47
 171 0 155 71 52 217 223 6
 55 166 201 165 59 239 140 127 104 157 205 23 131 228 33 8 61 138 39 132 105 108
 192 206 20 231 222 37 84 16
 204 172 2 54 112 82 175 235 7 197 5 232 18 154 24 153 22 233 26 90 101 66 29 65 111 143 92 43 181 177 178 194 161 136 180 10 145 187 76 159 156
 208 146 202 139 83 41 80 77 200 113 74 100 121 13 35 230 124
 220 28 188 78 67 72 103 184 158 196 25 144 147 109 227 96 53 44 94 185 234
 126 62 125 63 195 168 189 70
 106 81 203 4 160 97 114 219 87 45

195898

 158 44 100 133 144 196 74 234 88 222 16 30 186 70 57 1 14
 225 52 113 217 223 155 71 216
 120 109 86 8 127 142 175 238 188 156 77 90 5 13 151 197 138 215 179 43 131 80 180 204 93 96 121
 208 62 122 125 41 42 139 126 237 59 107 105 201 35 6
 135 231 45 20 220 51 64 78 213 27 102 23 50 148 82 130
 164 114 230 0 191 97 81 91 47 79 160 106 21 153 124
 63 84 95 166 195 192 69 189
 221 227 28 61 184 33 200 72 185 228 55 25 49 103 172 193 202 18 7 176 143 83
 37 67 206 219 203 171 226 199 87
 117 134 159 167 169 198 161 9 39 26 89 178 60 218 182 110 147 34 163 118 76 207 12 154 75 65 140 145 11 19 101 149 183 233 187 190 29 210 92 54 162 236 108 194 24 32 116 174 112 36 119 152 141 224 98 211 99 123 85 56 214 15 136 170 111 73 137 128 181 232 129
 165 4 94 235 150 177 157 173 38 58 132 115 205 40 22 17 239 10 2 66 3 104 53
 209 48 168 46 212 146 31 229 68

{{158, 44, 100, 133, 144, 196, 74, 234, 88, 222, 16, 30, 186, 70, 57, 1, 14}, {225, 52, 113, 217, 223, 155, 71, 216}, {120, 109, 86, 8, 127, 142, 175, 238, 188, 156, 77, 90, 5, 13, 151, 197, 138, 215, 179, 43, 131, 80, 180, 204, 93, 96, 121}, {208, 62, 122, 125, 41, 42, 139, 126, 237, 59, 107, 105, 201, 35, 6}, {135, 231, 45, 20, 220, 51, 64, 78, 213, 27, 102, 23, 50, 148, 82, 130}, {164, 114, 230, 0, 191, 97, 81, 91, 47, 79, 160, 106, 21, 153, 124}, {63, 84, 95, 166, 195, 192, 69, 189}, {221, 227, 28, 61, 184, 33, 200, 72, 185, 228, 55, 25, 49, 103, 172, 193, 202, 18, 7, 176, 143, 83}, {37, 67, 206, 219, 203, 171, 226, 199, 87}, {117, 134, 159, 167, 169, 198, 161, 9, 39, 26, 89, 178, 60, 218, 182, 110, 147, 34, 163, 118, 76, 207, 12, 154, 75, 65, 140, 145, 11, 19, 101, 149, 183, 233, 187, 190, 29, 210, 92, 54, 162, 236, 108, 194, 24, 32, 116, 174, 112, 36, 119, 152, 141, 224, 98, 211, 99, 123, 85, 56, 214, 15, 136, 170, 111, 73, 137, 128, 181, 232, 129}, {165, 4, 94, 235, 150, 177, 157, 173, 38, 58, 132, 115, 205, 40, 22, 17, 239, 10, 2, 66, 3, 104, 53}, {209, 48, 168, 46, 212, 146, 31, 229, 68}}
217657 202652
Process returned 0 (0x0)   execution time : 610.496 s
Press any key to continue.
