instancias-Grupos/TipoB/DCC136-240_02.txt

 19 2 183 49 217 196 140 80 213
 120 45 127 182 40 12 237 4
 146 166 3 82 60 5 161 98 133 17 219 29 160 198 73 66
 163 172 114 90 72 99 48 225 107 190 239 43 15 92 26 154 13 209 176
 84 75 232 81 68 158 193 38 42 97 50 192 89 0 128 21 216 22 57 194 7 220 211 156 95
 113 207 20 62 189 152 100 53 226 173 121 159 181 142 169 126 204 199 102 44 24 36 223 46 212 91 116 118 9 135 8 101 31 236 238 83 125 147 214 191 117 108 93 88 155 11 1 141 96 109 132 103 14 27 178 106 35 162
 47 208 104 187 85 59 215 144
 41 58 86 202 195 139 64 25 52 171 131 186 228 174 119 23 51
 30 175 143 153 185 168 74 150 149 201 205 65 61
 71 157 218 110 227 136 112 63 34 69 94 76 122 203 134 6 229 164 188 222
 18 137 234 115 167 206 32 177 180 111 123 105 55 231 200 184 179 224 165 10 16 87 138 233 151 124 67
 235 197 77 230 221 70 148 37 78 130 129 170 145 39 210 54 79 56 28 33

178580

 44 130 11 156 148 166 150 197 205 54 29 230 143 5 179 170 154 3 188
 164 71 122 64 184 196 20 160 229 136 140 50 56 232 34 42 217 216
 221 183 82 218 98 134 144 85 149
 120 127 104 66 190 47 59 139
 228 49 137 15 37 7 23 4 208 182 30 171
 32 87 91 69 152 175 162 210 31 167 169 108 234 141 60 102 79 222 223 135 193 81 96 176 155 118 178 8 100 109 27 52 157 204 24 138 238 227 181 212 173 53 62 211 180 39 9 95
 161 133 40 114 6 72 198 128 153 203 206 92 105 51 110 41 112
 202 45 146 174 185 86 168 187 0
 213 61 111 195 17 12 237 19 131 57 68 2 76 107
 58 18 147 123 103 89 165 159 200 191 115 121 151 25 207 88 199 33 124 26 46 36 35 83 117 75 163 101 189 214 125 48 84 1 14 239 55 126 192 236 226 158 233 142
 129 201 225 43 74 65 215 235 145 186 70 119 13 219 21 78
 177 80 22 73 172 67 224 90 93 99 97 113 132 231 77 10 16 194 38 116 220 209 28 94 63 106

184098

 74 61 71 128 175 187 217 196 19
 206 64 29 104 140 139 59 190 143
 198 205 119 4 54 98 237 12 136
 150 195 134 14 110 203 160 165 5 229 41 6 56 82 94 60 11 66
 47 99 75 208 180 52 227 193 67 216 194 159 28 76 173 79 21 103 222 199 239 10 87 8 39 202 170
 85 192 171 188 50 231 34 174 184 55 73 179 13 232 224 68 215 154
 214 17 111 161 176 18 107 233 24 100 116 33 223 234 1 114 212 93 177 162 77 96 124 178 200 27 181 236 62 155 210 105 163 130
 235 172 225 145 7 168 230 221 182 69 2 153 92 218 65
 121 42 38 158 220 106 26 169 97 63 32 83 207 135 191 147 125 122 31 48 81 126 25 109 35 157 84 9 101 189 102 142 53 117 152 108 44 204 167 118 112 138 91 151 226 238 156 36 88 141 95
 49 185 0 15 201 45 80 22 144 57 149 183 90 213
 40 120 70 23 197 16 3 127 148 166 43 72 113 123 78 137 37
 129 146 51 46 228 30 131 164 219 58 211 86 132 20 89 209 115 133 186

172238

 62 178 97 115 231 219 69 74 120 37 143 94 113 176 170 11 43 104 21 166 130
 30 2 182 201 17 111 127 47
 40 98 187 19 161 225 213 61
 112 215 54 218 235 232 13 45 99 20 34 184 154 6 63 82 216 174
 7 146 5 68 211 76 92 197 203 179 10 234 42 210 32 137 22 122 177 224 87
 71 15 110 59 190 85 136 41 237 49 66
 131 195 129 0 168 185 119 153 150
 90 57 79 227 16 83 55 165 163 124 105 78 175 121 222 96 89 236 209 159 164 123 60 75 8 52 169 77 93 220 180 28 125
 38 207 14 151 138 158 109 39 157 48 102 103 46 44 152 25 26 238 118 108 53 212 116 106 155 162 27 95 148 214 191 100 193 35 142 81 239 141 147 88 31 226 18 181 117 126 135 1 91 189 101 199 233 173 9 24 167 204 36
 23 114 171 133 86 4 228 186 72 206 51 139 64 50 188 202
 217 144 140 229 223 33 58 221 183 200 107 134 67 230 156 84 29 205 132
 12 65 196 149 56 70 128 172 198 208 3 80 194 160 145 192 73

194714

 216 7 153 111 98 61 206 128 29 146 51 45 19 104
 131 80 41 92 12 69 187 237 161 202 133 174 110 4 60 59
 177 184 112 218 127 221 154 144 139 215 47 217 85 195
 54 182 40 66 120 65 71 136
 90 70 124 115 57 219 94 21 223 114 231 43 103 106 99 87 55 194 30 68 235 163
 176 137 239 50 168 89 229 190 56 86 186 134 172 72 230 0
 10 143 185 119 228 49 140 150 3
 149 22 73 138 91 236 34 183 166 188 97 197 107 171 213 156 175 203 200 33 67 77
 76 198 145 74 208 205 5 210 2 37 170 224 13 28 179 132 192 20 232 151
 31 84 6 25 141 101 1 199 122 148 48 209 26 81 58 18 96 214 238 117 126 79 130 234 44 35 189 95 105 211 125 147 42 158 181 204 88 220 46 207 169 142 212 191 108 75
 196 15 129 23 82 225 17 201
 93 14 116 36 32 160 53 135 8 121 227 78 164 157 102 118 152 165 109 222 11 39 9 226 63 178 24 167 100 233 38 62 16 113 159 155 64 173 123 162 83 52 193 180 27

176838

 65 66 85 128 149 12 237 120
 98 6 205 136 218 29 111 202 34 131
 11 15 231 19 146 116 93 8 99 45 28 224 39 166 163 76 18 179 54 40 37
 168 127 153 108 158 81 150 185 0 24 55 197 135 151 103 126 74 53 212 118 62 155 20 233 141 192 97 35 26 79
 165 106 216 57 59 82 221 16 228 199 36 102 214 194 84 1 122 114 134 105 80 189 175 223 86 60
 73 145 213 208 215 49 187 161 139
 27 38 201 10 152 4 236 42 52 193 188 182 229 238 171 164 125 226 89 63 83 77 25 207 210 101 91 44 167 117 9 169 138 88
 72 23 107 7 90 43 129 225 50 94 56 70 176 178
 230 5 47 68 115 172 14 124 58 186 112 132 92 3 147 232 48 46 217 17
 51 30 133 121 211 195 64 75 191 95 96 71 2 239 31 159 41 109 227 204 181 156 142 69 162 222 180 100 173 234 157
 219 184 170 140 143 196 61 119 183 190 198 174 13 160 203
 22 206 235 177 104 144 148 154 33 137 87 200 67 209 123 21 113 78 32 220 130 110

158328

 92 225 237 17 56 186 205 19 98 66 74 129 215 183
 111 23 49 182 196 2 7 218
 84 95 211 26 1 233 191 20 48 58 109 212 125 155 75 204 126 35 124 123 88 53 46 214 239 106 216 91 100 83 42 207 118 141 147 38 142 107 18 169 193 14 36 131 102 199 167
 221 12 85 104 208 206 34 139 195
 178 227 238 192 231 55 198 63 41 153 136 145 174 37 171 103 40 54 15
 164 232 203 230 115 5 201 3 0 168 190 47 10 185 140 197
 181 93 28 175 71 27 151 189 60 202 157 31 159 177 152 222 209 223 101 236 194 188 81 108 44 67 77 16 69 229 117 158 135 89
 76 217 43 82 146 4 213 187 61
 50 128 154 90 72 51 166 150 119 6 29 133 228 86 127
 179 200 57 163 176 78 184 65 130 149 134 165 170 120 105 160 30 219 143 113
 73 173 235 79 13 94 22 62 137 80 162 234 39 87 59 32 8 180 226 11 9 24 112 210 64 224 25 97 96
 148 33 121 99 156 220 172 68 132 138 52 122 21 116 144 45 114 70 110 161

168113

 65 121 185 217 57 237 133 128 71 154 115 175 234 179 136 111
 40 120 30 144 127 153 104 61
 140 110 186 51 230 166 23 49 195
 177 100 55 155 91 83 233 239 27 226 14 35 148 79 63 108 167 135 223 214 16 48 123 142 204 1 180 38 24 141 75 210 42 9 211 96 28 95 36 89 151 193 238 88 102 169 152 200
 187 145 139 85 172 86 171 224 149
 122 43 146 52 202 196 22 41 150 107 168 119 105 174 77 64 97 73 68
 188 227 220 164 6 62 101 50 90 13 118 117 212 125 25 162 222 189 138 203 69 10 124 109 99 192 33 173 191 53 158 44 159 207 126 157 31 181
 78 46 56 93 82 19 18 4 29 26 8 201 21 163 206 130 228 74 2 183
 182 143 213 37 156 39 12 113 221 176 205 72 219 11 184 20 103 170 80
 0 161 3 225 17 45 198 137 7 70 208 92 15 215 194
 129 232 66 34 218 229 84 54 59 47 5 112 190
 131 32 134 98 114 76 87 106 81 94 216 236 235 197 147 178 209 60 58 231 165 116 160 67 199 132

171823

 17 237 144 195 59 86 47 0
 113 9 152 58 96 125 158 160 24 42 56 145 214 123 2 207 116 52 159 117 203 173 204 163 233 91 100 31 14 194 109 189 55 142 1 191 33 101 105 53 62 155
 71 199 20 108 97 217 8 92 124 95 106 134 128 151 147 18 75 126 94 36 83 102 28 216 107 223 211 60 118 135 239 26
 66 34 220 5 208 45 7 146 215 137 174 112 54 87 148 43 68
 49 183 51 205 161 98 222 221 188 139 133 29 41 64 80 206 131
 187 13 193 235 172 70 21 37 11 48 39 103 198 180 209 99 184 74 79 22 231 115
 30 73 168 140 166 230 165 150 104 186
 61 122 177 23 143 50 219 182 129 171 153 119 175
 111 63 76 65 127 218 202 12 40
 72 190 85 120 225 196 149 197 3 84 10 4 229 200 90 77
 93 15 179 170 57 201 185 141 236 176 130 210 164 192 224 44 27 16 88 162 169 35 227 178 238 38 232 181 89
 154 213 69 110 6 82 46 32 25 136 67 138 228 156 114 121 212 132 234 226 19 167 78 81 157

164192

 127 40 120 150 72 17 225 47
 78 178 162 172 30 170 110 145 215 144 148 23 54 98 15 111
 223 185 28 125 146 236 86 21 124 114 171 205 220 188 25 168 0 3 141 41 84
 106 39 214 239 55 133 95 197 24 96 142 89 199 138 112 32 48 206 92 180 163 91 198 116 26 165 97 57 227 109 156
 14 11 177 74 164 195 209 224 5 7 37 161 190 201 210 218 46
 42 108 200 117 139 77 90 8 27 33 58 63 135 115 118 222 167 238 181 130 35 155 152 147 212 169 103 151 153 221 233 53 62 189 207 100 191 204 126 36 9 81 75 88 176
 50 71 194 143 66 182 49 237 136
 202 149 128 19 85 56 187 174 217
 2 211 16 12 101 6 20 29 34 38 60 18 226 122 123 102 1 107 160 159 44 31 121 83 166 93 158 235 69
 10 154 4 216 76 94 45 134 183 131 51 119 22 175 61 193 82
 132 129 87 52 196 79 67 229 213 219 59 231 186 184 99 192 43 137 208
 179 232 173 68 113 64 234 80 105 203 65 228 73 157 140 13 70 104 230

164334

 62 178 97 115 231 219 69 74 120 37 143 94 113 176 170 11 43 104 21 166 130
 30 2 182 201 17 111 127 47
 40 98 187 19 161 225 213 61
 112 215 54 218 235 232 13 45 99 20 34 184 154 6 63 82 216 174
 7 146 5 68 211 76 92 197 203 179 10 234 42 210 32 137 22 122 177 224 87
 71 15 110 59 190 85 136 41 237 49 66
 131 195 129 0 168 185 119 153 150
 90 57 79 227 16 83 55 165 163 124 105 78 175 121 222 96 89 236 209 159 164 123 60 75 8 52 169 77 93 220 180 28 125
 38 207 14 151 138 158 109 39 157 48 102 103 46 44 152 25 26 238 118 108 53 212 116 106 155 162 27 95 148 214 191 100 193 35 142 81 239 141 147 88 31 226 18 181 117 126 135 1 91 189 101 199 233 173 9 24 167 204 36
 23 114 171 133 86 4 228 186 72 206 51 139 64 50 188 202
 217 144 140 229 223 33 58 221 183 200 107 134 67 230 156 84 29 205 132
 12 65 196 149 56 70 128 172 198 208 3 80 194 160 145 192 73

{{62, 178, 97, 115, 231, 219, 69, 74, 120, 37, 143, 94, 113, 176, 170, 11, 43, 104, 21, 166, 130}, {30, 2, 182, 201, 17, 111, 127, 47}, {40, 98, 187, 19, 161, 225, 213, 61}, {112, 215, 54, 218, 235, 232, 13, 45, 99, 20, 34, 184, 154, 6, 63, 82, 216, 174}, {7, 146, 5, 68, 211, 76, 92, 197, 203, 179, 10, 234, 42, 210, 32, 137, 22, 122, 177, 224, 87}, {71, 15, 110, 59, 190, 85, 136, 41, 237, 49, 66}, {131, 195, 129, 0, 168, 185, 119, 153, 150}, {90, 57, 79, 227, 16, 83, 55, 165, 163, 124, 105, 78, 175, 121, 222, 96, 89, 236, 209, 159, 164, 123, 60, 75, 8, 52, 169, 77, 93, 220, 180, 28, 125}, {38, 207, 14, 151, 138, 158, 109, 39, 157, 48, 102, 103, 46, 44, 152, 25, 26, 238, 118, 108, 53, 212, 116, 106, 155, 162, 27, 95, 148, 214, 191, 100, 193, 35, 142, 81, 239, 141, 147, 88, 31, 226, 18, 181, 117, 126, 135, 1, 91, 189, 101, 199, 233, 173, 9, 24, 167, 204, 36}, {23, 114, 171, 133, 86, 4, 228, 186, 72, 206, 51, 139, 64, 50, 188, 202}, {217, 144, 140, 229, 223, 33, 58, 221, 183, 200, 107, 134, 67, 230, 156, 84, 29, 205, 132}, {12, 65, 196, 149, 56, 70, 128, 172, 198, 208, 3, 80, 194, 160, 145, 192, 73}}
194714 173326
Process returned 0 (0x0)   execution time : 610.578 s
Press any key to continue.
