instancias-Grupos/TipoB/DCC136-240_03.txt

 68 227 237 170 18 67 84 168
 63 206 8 83 24 94 133 58 165 103 78 221 163 157 64 1 71 109 174 203 37 149
 46 173 56 196 82 155 60 169
 81 232 140 20 226 104 52 238 9 113 207 5 121 61 21 195 80 106 115 159 172 11 151 231 188 132 91 45
 143 124 49 10 43 44 15 0 62 23 192 233 194
 88 142 122 92 177 59 87 2 41 40 3 135 108 161
 150 65 126 29 224 55 96 16 127 33 198 111 137 154 141 214 100 216 95 148 72 152
 184 235 129 209 70 107 211 183 93 185 25 34 117 239 205 31
 201 89 175 134 69 86 193 17 116 230 75 35 162 136 228 27 164 28
 19 76 189 191 50 202 110 51 90 220 66 158 167 79 229 208 12 179 30 48 38 74 215 112 128 123 213 217 114 36 6 222 153 39 190 200 102 182 234 223 145 26 144 32 119 204 199 138 131
 7 105 85 130 146 212 181 118 147 125 197 178 14 225 99 180 187 186 101 4 120 54
 176 77 42 166 73 47 219 171 218 210 156 57 160 139 53 236 22 98 97 13

164190

 97 24 232 72 214 101 43 42 142 187 44 91 225 133 57 237 70
 124 49 2 146 8 56 175 233 183 92 163 59 37 105 46 130
 83 5 148 188 149 95 125 87 99 152 11 207 205 166 118 77 165 182 180 236 23 154 172 45 90 120
 81 0 65 235 239 176 189 53
 137 117 10 93 58 25 170 31 54 60 98 135 136 196
 211 68 186 194 185 17 47 161 218 169
 82 143 192 16 155 14 89 86 147 134 201 216 13 73 179 22 4
 88 227 41 19 108 162 168 18
 109 106 198 27 52 94 184 174 173 113 197 100 63 50 164 230 104 36 33 62 34 103 159
 67 177 193 9 116 75 151 84 226 35 55 111 181 20 141 221 3 85 210 167 178
 126 129 96 206 209 28 107 69 64 139 127 7 203 171 228 122 15 40 157
 76 222 121 32 190 200 138 112 66 1 153 38 191 115 48 204 140 229 79 150 71 220 21 234 78 114 110 158 128 6 219 145 202 74 29 195 215 144 51 199 26 30 224 213 223 131 123 212 119 208 231 61 160 238 217 156 132 12 80 102 39

192608

 203 181 129 130 70 136 239 10 135 117 105 75 118 137 163 214 2
 35 37 27 134 57 68 98 235 60 196 25 142 72 161
 170 100 125 87 0 194 63 91 149 154 164 173 109 153 184 201 103 209 69 34
 169 64 226 4 29 44 179 28 31 207 107 49 178 97 122 22 77 90 174 171 15 167 180
 14 85 146 58 83 59 197 67 89 141 40 101 177 7 225 111 24 94
 55 84 53 183 62 221 46 116 198 206 106 172 165 104 8 36 228 45 113 159
 121 38 132 217 195 222 131 202 158 231 6 114 1 138 76 200 32 223 220 119 208 140 128 80 160 50 51 229 21 48 212 30 213 238 71 79 219 39 123 33 61 12 191 156 74 150 204 66 230 102 234 224 110 78 115 215 112 199 190 26 144
 16 186 237 133 227 54 211 42
 189 192 193 47 182 20 175 232 210 216 236 86 166 95 120 157 145 13 11 139 147
 126 176 99 23 188 52 96 43 205 233 152 73 9 187 5 93 3 151 148 127
 19 65 185 124 92 18 81 17 168 162
 143 82 56 108 155 88 218 41

192645

 162 187 206 23 236 203 49 209 181 175 183 15 62 101 107 59 105 64 34 109
 137 135 84 68 226 96 89 192 117 83 16 93 54 106 176
 43 53 120 225 205 10 166 127 37 28 233 218 151 118 58 171 70 90 44
 7 124 228 92 155 8 86 129 177 189 126 56 193 143 146
 191 79 128 139 112 20 223 202 230 4 200 12 94 116 26 74 119 207 36 132 145 190 213 204 21 97 131 78 158 182 52 30 50 234 76 154 48 71 148 217 1 6 144 160 178 229
 211 17 161 0 72 239 235 65
 186 185 168 55 104 14 232 198 40 111 197 24 172 3 19 221 75 113 85
 196 194 88 41 82 2 108 173
 133 142 25 184 201 87 69 134 31 42 163 27 91 77 57 22 188
 81 67 47 13 159 103 141 210 35 100 99 179 122 216 174 130 73 157 214 63 125
 170 98 169 136 227 60 237 18 46
 9 95 147 149 5 167 153 150 156 195 45 199 38 220 164 219 11 222 61 224 39 165 140 33 212 80 208 102 115 215 32 138 152 110 231 123 180 51 114 121 29 66 238

183247

 153 141 57 87 99 189 177 85 136 58 143 118 205 59 10 216 111 28
 70 225 122 16 129 142 54 46 126 108 227 2 98 196
 3 106 204 206 230 210 4 52 181 116 84 165 167 120 30 157 159 175 36 156 107 75 74 50 20 172 45
 63 8 34 47 13 198 86 73 53 125 89 56 62 183 134 100 0 130
 82 211 17 19 81 18 124 185
 68 235 7 164 168 201 137 135 77 163 22 37 27 179 117 184 35
 169 92 109 154 91 151 146 5 173 93 197 145 23 31 103 139 233 104 113 94
 88 41 170 192 218 194 186 67
 200 160 150 132 174 97 32 191 213 144 76 38 39 238 220 222 215 223 229 1 131 71 121 79 140 112 12 208 138 64 114 203 199 66 123 48 128 224 102 217 51 212 80 115 190 61 119 6 78 110 26 33 21 234 231 207 29 195 202 158
 96 43 239 187 228 214 162 127 209 15 226 101 69 171 44 219 49 90
 72 105 60 176 237 25 161 65 155 133
 83 42 40 9 232 193 152 24 148 95 55 236 178 11 166 221 14 149 188 182 147 180

190554

 187 207 112 34 181 214 164 126 158 23 161 206 239 0 53 88 90 104 231 200 63
 156 166 195 80 167 152 218 9 54 147 4 233 212 139 229 95 83 128 130 133 134 151 129 114
 17 100 99 175 203 107 131 12 217 210 74 189 51 73 179 13 19 39 40 41 47 55 71 37
 64 48 70 216 232 36 46 113 115 38 76 140 238 178 226 20 5 15 62 66 75 78 82 150 61 127 132 123
 65 215 97 141 111 29 177 85 174 96 2 7 198 155 173 176 186 202 224 33
 59 22 32 43 30 219 213 143 26 137 42 118 223 58 87 108 116 117 121 124 197
 16 3 145 93 89 122 221 157 119 86 1 225 196 172 188 192 211 220 120 227
 81 235 163 6 77 35 182 27 11 228 193 69
 60 98 142 31 25 91 21 84 57 28
 8 44 183 110 49 45 67 106 180 208 24 170 194 201 205 209 222 230 146 56
 138 185 184 10 153 125 14 149 154 109 165 101 105 135 136 159 160 162 168 190 103 171
 169 18 79 191 50 144 68 199 236 102 72 148 52 204 234 237 92 94

148096

 88 15 98 176 41 169 227 186
 24 59 69 72 142 25 56 237 136 84 60 58 42 170
 225 28 92 54 184 117 43 96 31 129 16 228 22 133 155
 161 130 82 100 196 175 44 197 124 126 162 101 46 194 40 201
 53 105 168 198 65 108 8 183 67
 218 36 177 13 57 216 73 3 141 49 139 171 4 109 77 203 122 107 111 7 205
 137 89 86 143 235 87 17 81 185 19 211
 128 217 174 223 123 165 154 138 213 234 74 6 118 219 145 144 119 190 32 200 1 99 114 112 199 51 39 179 158 103 150 208 202 121 131 191 224 195 238 229 48 110 132 80 66 102 231 64 38 188 26 220 12 21 212 78 207
 189 68 83 239 10 206 0 192 18 163 47 134 37 35 146
 2 151 209 193 106 173 62 113 61 159 14 104 11 233 222 166 116 167 95 172 221 79
 214 135 70 157 93 127 120 226 187 63 9 147 85 178 23 125 164 90 149 181 180 55
 34 20 27 232 5 91 148 75 94 236 52 71 45 97 29 230 76 30 153 156 115 140 160 210 152 50 204 182 33 215

183739

 124 211 81 16 65 17 189 185
 170 84 137 155 176 233 117 218 192
 226 135 35 193 214 87 63 4 69 157 2 10 70 51 100 75 164 127 147 141
 134 201 103 46 54 89 151 122 55 172 5 20 139 67 43 53 194 175
 14 133 222 94 136 149 236 169 186 227 24 23 72 166 107 37 49
 129 82 109 19 40 105 88 98 168 44 162 7 126 15 171 232
 130 78 198 96 99 13 32 66 132 167 106 150 199 85 80 11 102 140 116 174 224 3 163 123 219 115 180 52 61 181 146
 239 92 153 108 154 143 25 28 79 179 125 22 120 59 8 56 90
 217 159 77 36 230 39 182 221 12 223 200 111 190 158 138 6 210 191 216 220 208 213 110 215 195 178 131 234 114 30 118 76 128 202 144 238 71 119 48 26 205 212 237 38 160 231 204 45
 148 60 57 62 68 0 156 93 47 196 21 9 228 41 86 152 31 95
 209 91 113 142 177 27 225 83 184 235 29 161 173
 34 18 183 187 188 64 101 1 74 165 229 33 121 206 207 58 203 50 73 112 104 42 97 145 197

163171

 135 129 72 211 239 197 40 189 44 118 25 117 136 43 237
 111 97 181 192 16 86 0 201 23 134 13 15 49 170 124 175 22 5
 95 120 9 59 167 166 233 83 130 81 214 218 24 151 236 193 157 147 163
 162 41 19 88 108 173 196 18 168
 65 2 210 75 226 104 172 149 87 198 127 206 232 34 45 85 106 96 109 180
 77 14 216 139 191 222 231 141 220 164 110 158 238 21 1 11 74 3 229 179 4 99 55 7 64 51 188 121 208 207 107 165 182 112
 82 92 42 133 194 68 161 169
 148 174 144 38 132 76 156 223 160 102 79 153 202 217 103 204 140 219 12 33 154 195 230 52 115 29 152 215 32 39 48 119 123 138 50 30 6 224 131 213 200 145 78 61 114 190 199 128 234 80 150 26 66 71 212
 176 70 126 58 171 93 20 187 184 69 203 100 31 178 125 62 116 90 73 63
 183 35 8 186 53 89 67 227 54
 235 142 143 94 159 228 185 205 10 84 17 27 209 113 137 221 36
 60 155 46 98 105 225 146 101 122 56 28 57 177 91 47 37

187665

 81 25 162 117 77 122 18 196 31
 111 158 39 124 41 150 238 143 146 105 149 152 154 207 29 87 161 115 197 137 174 164 128 179 180 76
 60 155 177 67 28 58 59 24 56
 116 46 20 148 126 129 141 228 189 211 8 86 54 70 69 130
 91 1 101 145 93 195 127 23 96 43 85 94 95 100 191 198 103 109 5 52 104 131 99 114 51
 176 121 68 220 237 42 186 73 171 83 88 205 227 14 169 133
 144 125 213 32 108 153 78 112 92 10 223 61 106 151 49 66 199 182 132 26 21 118 172 139 6 190 74 71 230 163 219 167 224 212
 183 44 97 160 65 232 36 12 119 168 33 17 34 55 48 165 64 27 226 178 202 45 204 216 140 229 234
 235 187 209 102 0 107 236 142 194 113 173 84 89 22
 166 147 215 35 210 40 193 3 7 15 80 50 79 2 221 98 62 157 11 134 222 218
 185 19 110 188 37 206 181 170 57 75 82 123 231 217 175 208 138 4 233 203 30 13 38 200 135
 239 47 53 63 214 159 184 192 201 225 136 90 16 72 120 156 9

153192

 203 181 129 130 70 136 239 10 135 117 105 75 118 137 163 214 2
 35 37 27 134 57 68 98 235 60 196 25 142 72 161
 170 100 125 87 0 194 63 91 149 154 164 173 109 153 184 201 103 209 69 34
 169 64 226 4 29 44 179 28 31 207 107 49 178 97 122 22 77 90 174 171 15 167 180
 14 85 146 58 83 59 197 67 89 141 40 101 177 7 225 111 24 94
 55 84 53 183 62 221 46 116 198 206 106 172 165 104 8 36 228 45 113 159
 121 38 132 217 195 222 131 202 158 231 6 114 1 138 76 200 32 223 220 119 208 140 128 80 160 50 51 229 21 48 212 30 213 238 71 79 219 39 123 33 61 12 191 156 74 150 204 66 230 102 234 224 110 78 115 215 112 199 190 26 144
 16 186 237 133 227 54 211 42
 189 192 193 47 182 20 175 232 210 216 236 86 166 95 120 157 145 13 11 139 147
 126 176 99 23 188 52 96 43 205 233 152 73 9 187 5 93 3 151 148 127
 19 65 185 124 92 18 81 17 168 162
 143 82 56 108 155 88 218 41

{{203, 181, 129, 130, 70, 136, 239, 10, 135, 117, 105, 75, 118, 137, 163, 214, 2}, {35, 37, 27, 134, 57, 68, 98, 235, 60, 196, 25, 142, 72, 161}, {170, 100, 125, 87, 0, 194, 63, 91, 149, 154, 164, 173, 109, 153, 184, 201, 103, 209, 69, 34}, {169, 64, 226, 4, 29, 44, 179, 28, 31, 207, 107, 49, 178, 97, 122, 22, 77, 90, 174, 171, 15, 167, 180}, {14, 85, 146, 58, 83, 59, 197, 67, 89, 141, 40, 101, 177, 7, 225, 111, 24, 94}, {55, 84, 53, 183, 62, 221, 46, 116, 198, 206, 106, 172, 165, 104, 8, 36, 228, 45, 113, 159}, {121, 38, 132, 217, 195, 222, 131, 202, 158, 231, 6, 114, 1, 138, 76, 200, 32, 223, 220, 119, 208, 140, 128, 80, 160, 50, 51, 229, 21, 48, 212, 30, 213, 238, 71, 79, 219, 39, 123, 33, 61, 12, 191, 156, 74, 150, 204, 66, 230, 102, 234, 224, 110, 78, 115, 215, 112, 199, 190, 26, 144}, {16, 186, 237, 133, 227, 54, 211, 42}, {189, 192, 193, 47, 182, 20, 175, 232, 210, 216, 236, 86, 166, 95, 120, 157, 145, 13, 11, 139, 147}, {126, 176, 99, 23, 188, 52, 96, 43, 205, 233, 152, 73, 9, 187, 5, 93, 3, 151, 148, 127}, {19, 65, 185, 124, 92, 18, 81, 17, 168, 162}, {143, 82, 56, 108, 155, 88, 218, 41}}
192645 175911
Process returned 0 (0x0)   execution time : 610.635 s
Press any key to continue.
