instancias-Grupos/TipoB/DCC136-240_04.txt

 73 161 224 149 199 137 118 1 172
 16 151 198 168 77 175 112 72 165 142 132 169 114 231 2
 145 91 24 227 22 58 46 60 74
 239 208 6 87 79 5 201 173
 39 188 20 203 81 113 54 57 35 127 238 15 206 223 228 158
 13 128 226 215 49 180 174 43 110
 190 220 186 197 90 211 135 47 147 12 217 104 9 41 78 101 192 117 182 166 196 143 25 236
 202 67 37 30 131 48 61 162 153 92 230 213 108 63 170 229 232 124 98 156 36 33 129 189 14 56 42 71 155 179 34 222 3
 144 103 59 194 160 181 126 234 76 99 221 65 121 159
 84 178 207 94 31 4 64 51 210 136 183 80 122 86 141 200 19 50 187 75 109 185 209 89 96 10 23 177 218 125 105 62 32 115 119 26 95 146 237 93 100 85 157 53 29 140 7 70 102 69 216 164 195 233 68 0 148 219 152 21 27 45 212 28
 40 235 55 11 138 191 225 111 107 97 116 8 134 123 44 193 171 38
 214 205 154 176 66 83 133 88 167 18 139 150 120 52 204 130 17 184 163 82 106

197717

 7 62 10 167 171 130 224 18 153 152 54 182 120 125 102 174 6 11 16 21 22 36 235 185 75 70
 24 143 158 40 117 13 197 154 176 17 188
 105 71 28 94 181 187 175 237 168 82 128 123 61 202 30 57 72 73 77 85 100 170 88 141 31 155
 178 233 35 204 65 121 203 131 239 173 95 87 205 208 211 214 217 218 219 8 210 23
 124 92 114 19 116 215 162 137 229 79 37 213 149 221 226 231 232 145 147 98
 161 1 199 156 148 150 163 76 230 227 60 160 166 83 151 184 190 194 195 196 200 42 209 140 48
 29 238 50 32 63 164 12 206 159 5 9 122 133 86 172 2 33 44 52 55 56 66 25 51 69
 49 142 127 96 236 132 225 41 157 103 81 111
 97 112 110 39 15 212 107 191 99 14 91
 59 165 58 118 126 20 74 223 80 46
 180 47 43 169 93 189 220 4 64 183 222 228 3 67 207 192 38 198 129
 108 234 109 53 84 34 45 90 186 68 26 134 104 201 193 89 101 106 113 135 136 138 139 144 146 177 78 216 0 119 115 179 27

156912

 69 48 164 224 227 14 54 51 197 117 202 105 182 56 80 86 87 89 93 95 103 106 107 109 125 181 83 177 34
 143 24 62 120 188 33 41 40 207 221 223 2 130 165 204 205 210 17 228
 0 163 199 42 59 52 160 23 173 159 131 124 217 239 175 167 208 128 20
 121 90 136 47 236 127 26 220 11 53 161 122 212 133 171 189 191 192 203 229 137 32 101
 3 231 169 72 113 145 174 153 157 230 60 43
 132 96 45 168 196 94 235 115 12 190 193 13 226 58
 200 194 46 233 225 126 4 92 214 70 162 183 31 150 61 44 49 63 64 66 67 68 71 74 10 186 195 75 151 85 185
 211 123 198 116 57 22 91 112 110
 118 148 38 187 27 213 172 98 73 97 216 18 88 138 100 114 1 6 16 19 29 30 37 82 28 156 36
 55 147 218 166 25 9 135 77 99 215 79 81
 108 234 176 50 35 179 142 65 184 219 154 111 206 238 15 134 39
 21 141 76 129 155 149 140 152 104 5 201 84 232 78 139 144 146 158 170 178 180 209 222 119 8 102 237 7

154655

 12 58 54 53 225 108 74 168 60 161
 227 113 184 173 43 11 158 238 5
 221 207 134 224 181 17 33 126 16 73
 145 110 208 77 123 174 138 159 236 112 217 59 40 205 153 111
 149 220 49 79 87 139 231 81 47 234 127 88 169 37 118 229 48 180 22
 65 107 35 193 52 66 91 200 7 0 191 93 14 68 104 21 212 177 144 115 44 106 150 176 131 76 61 197
 57 175 137 97 204 128 206 192 132 196 98 117 38 103 1 214 172
 195 203 9 130 142 228 239 2 6 198
 201 154 121 83 84 99 160 188 235 232 151 120 143 215 133 190 85
 141 28 105 94 42 82 237 72 10 25 26 29 32 36 157 64 86 186 8 164 209 119 4 69 179 34 187 182 51 109 100 140 23 156 155 27 210 45 152 71 233 125 136 90 62 178 50 129 219 96 95 19 89 56 41 3
 15 30 166 189 194 199 163 167 78 162 185 183 63 222 146 114 31 230 171 101 213 216 148 218 67 80 170 124 75 18 122 70 102 135
 116 147 92 211 24 226 202 13 223 46 20 165 39 55

180190

 9 135 75 203 80 71 55 217 154 182 144 149 160 161 167 170 230 220 105 129 26 23 163 76 45 138
 229 11 67 57 87 137 95 142 79 116
 24 197 21 159 147 52 22 61 239 208 13
 68 102 53 123 198 181 101 31 175 237 82 139 89 141 28 38 42 49 60 109 183 204 78 47 63 34 72 10 125
 84 234 92 227 16 206 74 103 133 172 173 189 190 184 12 180 151 4
 225 39 112 41 18 14 158 188 232 235 30 222 77 231 171 127
 224 106 99 81 69 66 211 1 192 214 17 54 20 88 108 121 136 152 164 111 8 178 195 96
 238 51 35 191 174 110 44 150 33 221 73
 199 91 165 97 168 126 118 58 2
 153 98 145 59 236 113 90 46 65 107 196 200 202 205 226 228 36 223 212 233
 194 134 40 207 120 156 119 5 201 193 43 128 131 132 140 169 85 146 186 104 117 143 62
 210 219 215 162 37 176 19 100 124 70 114 32 216 86 166 83 27 187 148 6 7 15 179 3 177 213 157 50 48 25 122 93 115 0 209 218 56 29 155 185 64 130 94

164598

 211 156 164 55 210 148 14 221 125 9 227 72 76 88 6 150 207 31 223 46 107 94 78 85 54 89
 187 129 90 70 160 121 231 47 84 114 140 178 102 228 229 44 77 165 166 82 161 52
 128 11 103 25 37 79 134 169 224 60
 42 180 190 87 35 173 208 58 20 5
 144 167 120 12 194 113 138 39 158 230 238 234 214 92 146 118 206 63 159 179 196 108
 117 38 236 41 98 174 147 127 73 40 172
 168 225 171 34 191 181 75 48 101 198 200 202 204 19 80 217 71 3 68 189 126 139 100 8 155 7 91
 81 152 123 145 28 27 186 226 157 61 45 53 22 26 30 32 50 51 56 66 23 141 170 131 10 105 213 69 177 109 115 219 222 122 130 237 119 4 233 197 183 18 86 185 209 64
 176 17 29 62 184 2 195 67 151 16 83 49 142 205 199 33
 135 57 218 124 36 203 13 97 1 110 112
 133 182 116 132 149 95 154 193 137 175 239 220 43 192 104 215
 201 143 188 59 99 232 93 15 21 0 24 65 74 162 235 212 216 136 106 111 96 163 153

160841

 124 65 1 206 59 199 6 161 137
 227 54 202 198 201 69 181 117 184 7 197 88 85 34 38 223 215 230 218 195 189 72 78
 90 220 11 13 165 229 160 147 93 44 159 131 53 46 234 169 212 127 25 236 3 47 36
 99 121 145 113 151 96 144 166 139 77 174 35 132 67 114 120 118
 58 22 168 84 91 112 97 123 60
 221 138 224 235 182 133 55 87 226 208
 109 28 222 194 12 167 5 16 33 43 209 213 23 10 129 68 102 178 92 45 122 146 164 31 26 50 183 179 61 190 106 100 232 4 70 186 177 187 148 211 95 119
 81 239 79 74 116 41 217 66 153 225 98 205 192 130 18 76 157 200 80 104 21
 185 171 107 134 143 49 191 219 56 237 108 75 48 82 89 233 24 141 51 101 125 170 86 150 152 63 231 115 42 210 163 27 0 94 155 140 216 71 156 136 32 62 19 105 29
 238 142 188 111 9 228 40 37 2 172 204 175 103
 110 193 17 20 83 149 162 176 15 128
 154 207 173 73 214 158 203 39 57 126 180 135 64 52 30 14 8 196

171011

 186 157 174 231 14 113 220 69 57 112 163 170 203 205 208 218 229 25 182 131 72 136 148 45 29
 17 145 19 162 149 227 50 54 177 147 51 197 200 46 114 134 135 139 151 155 219 90 42 104 117
 28 124 73 10 36 59 52 62 178 143 129 233 236 70 213 98 8 16 24 35 37 94 18 71 41 61 222 26 153 150
 239 121 173 161 58 105 201 165 118
 221 119 34 207 198 123 156 211 13 44 110 116
 56 108 20 179 158 144 152 63 103 122 12 78 194 175 22 74 79 84 101 146 125 195 4 89 167
 86 166 83 2 75 160 9 32 43 183 21 185 64 159 189 191 199 202 204 210 31 140 48 107 180 169
 193 235 49 142 92 102 96 40 0 237 38 215 226 60 111 85 87 11 95 138
 66 216 81 164 82 68 224 181 190 77 232 234 228 106 6 128 188
 39 225 99 53 93 15 133 23 187 212 172 126 47 5 30 67 91 97 109 141 120 100 33 3 209 27 230
 214 154 55 132 192 196 80 206 1 137 76
 115 65 7 130 171 176 238 88 217 184 127 168 223

155422

 47 191 206 232 76 60 54 5 43 112 201 1 180 6 205
 151 215 133 223 55 37 98 231 72 103 132 169 214 172 168 139 226 174
 135 25 158 131 192 95 155 41 61 113 196 143 190 8 18 144 124 229 114 64 222 129 217 147 167 80
 228 238 203 40 220 73 181 110 49
 175 161 208 20 137 58 199 128
 117 171 210 44 184 34 102 53 235 78 92 38 127 12 88 96 236 85 106 82 130 118 211 101 182 204
 104 66 33 97 225 15 9 207 224 166 162 30 142 126 123 134 21 111 107 81 153
 195 221 145 2 149 227 16 17 77
 165 154 91 46 13 59 173 35 160 24 159 194 188 234 63 52 176 138
 213 185 48 157 109 108 29 187 189 150 70 186 156 7 218 14 209 197 86 120 50 230 3 36 200 163 26 23 19 219 27 148 89 183 105 141 4 122 233 164 140 119 115 28 212 100 125 68 45 10 152 31 0 71 51 177 216 32 237 69 56 75 42 136 178 179 62 146 170 94 93
 79 74 11 116 57 198 22 87 67
 121 83 39 99 90 193 65 84 239 202

218190

 217 101 107 88 117 224 197 227 22 1 118 66 202 223 206 127 192 48 123 91
 139 135 76 67 149 133 16 120 226 211 174 215 57 17 151 87 77 191
 39 116 239 145 59 142 65 74
 165 90 40 172 169 97 132 49 52 147 24 46 231 13 112 159
 214 114 5 54 20 110 238 158 221
 55 220 188 173 121 193 11 124 83 166 35 225 81 194 167 103
 207 236 2 73 47 161 84 203 154
 208 128 15 222 181 201 175 198 168
 204 78 96 184 131 235 8 9 182 0 44 153 171 92 111 130 34 33 210 134 189 30 160 41 12 195 21
 126 43 137 99 58 60 79 199 6 228 180 144
 98 205 176 82 232 106 196 108 38 138 80 113 61 163 190 129 37 42 179 63 155 200 218 143 162 186 104 64
 146 25 32 237 233 187 185 229 10 86 45 14 109 69 183 3 51 119 7 53 18 72 212 209 70 152 56 141 213 177 170 216 230 136 140 115 100 85 89 71 31 125 150 157 28 75 234 95 219 164 122 29 4 19 23 148 68 36 94 93 105 62 27 156 178 102 50 26

206887

 47 191 206 232 76 60 54 5 43 112 201 1 180 6 205
 151 215 133 223 55 37 98 231 72 103 132 169 214 172 168 139 226 174
 135 25 158 131 192 95 155 41 61 113 196 143 190 8 18 144 124 229 114 64 222 129 217 147 167 80
 228 238 203 40 220 73 181 110 49
 175 161 208 20 137 58 199 128
 117 171 210 44 184 34 102 53 235 78 92 38 127 12 88 96 236 85 106 82 130 118 211 101 182 204
 104 66 33 97 225 15 9 207 224 166 162 30 142 126 123 134 21 111 107 81 153
 195 221 145 2 149 227 16 17 77
 165 154 91 46 13 59 173 35 160 24 159 194 188 234 63 52 176 138
 213 185 48 157 109 108 29 187 189 150 70 186 156 7 218 14 209 197 86 120 50 230 3 36 200 163 26 23 19 219 27 148 89 183 105 141 4 122 233 164 140 119 115 28 212 100 125 68 45 10 152 31 0 71 51 177 216 32 237 69 56 75 42 136 178 179 62 146 170 94 93
 79 74 11 116 57 198 22 87 67
 121 83 39 99 90 193 65 84 239 202

{{47, 191, 206, 232, 76, 60, 54, 5, 43, 112, 201, 1, 180, 6, 205}, {151, 215, 133, 223, 55, 37, 98, 231, 72, 103, 132, 169, 214, 172, 168, 139, 226, 174}, {135, 25, 158, 131, 192, 95, 155, 41, 61, 113, 196, 143, 190, 8, 18, 144, 124, 229, 114, 64, 222, 129, 217, 147, 167, 80}, {228, 238, 203, 40, 220, 73, 181, 110, 49}, {175, 161, 208, 20, 137, 58, 199, 128}, {117, 171, 210, 44, 184, 34, 102, 53, 235, 78, 92, 38, 127, 12, 88, 96, 236, 85, 106, 82, 130, 118, 211, 101, 182, 204}, {104, 66, 33, 97, 225, 15, 9, 207, 224, 166, 162, 30, 142, 126, 123, 134, 21, 111, 107, 81, 153}, {195, 221, 145, 2, 149, 227, 16, 17, 77}, {165, 154, 91, 46, 13, 59, 173, 35, 160, 24, 159, 194, 188, 234, 63, 52, 176, 138}, {213, 185, 48, 157, 109, 108, 29, 187, 189, 150, 70, 186, 156, 7, 218, 14, 209, 197, 86, 120, 50, 230, 3, 36, 200, 163, 26, 23, 19, 219, 27, 148, 89, 183, 105, 141, 4, 122, 233, 164, 140, 119, 115, 28, 212, 100, 125, 68, 45, 10, 152, 31, 0, 71, 51, 177, 216, 32, 237, 69, 56, 75, 42, 136, 178, 179, 62, 146, 170, 94, 93}, {79, 74, 11, 116, 57, 198, 22, 87, 67}, {121, 83, 39, 99, 90, 193, 65, 84, 239, 202}}
218190 176642
Process returned 0 (0x0)   execution time : 610.569 s
Press any key to continue.
