instancias-Grupos/TipoB/DCC136-240_05.txt

 54 104 214 107 212 130 22 116
 117 125 68 181 142 189 220 143 186 4 38 99 219 209 236
 221 218 134 177 13 169 8 86 227 133 216 141 43 198 67 234 190 23 112 204 12 178 2
 211 168 70 129 191 201 63 92 78 156 96 239 140
 145 210 24 19 14 34 25 103 102 223 90 180 138 18 17 95
 215 75 44 128 202 98 57 79 59 187 137 108 97 77 167 55 122 127 11 80 10 237 0 206 85 235 203 100 1 179 182 53 41 39 200 175 20 197 174 173 29 49 124 84 27 115 76 36 66 74 35 47 46 195 150 72 7 147 152 139 52
 154 184 45 153 62 30 232 83 69 226 163 233 176 109 37 40 101 165 136 118
 222 120 71 121 48 28 149 51
 126 164 15 131 196 172 224 205 81 199 230 82 106 193
 188 94 3 160 16 119 157 110 166 170 111 185 64 213 183 113 32 146
 88 194 159 9 58 229 61 155 89 151 73 42 231 238 228 148 91 5
 144 135 208 60 56 114 21 50 93 33 162 161 105 123 132 87 158 171 6 192 225 26 217 31 207 65

181213

 15 194 193 102 156 199 191 104
 190 19 180 95 14 25 212 210 17 110 107 113 69 63
 138 45 96 71 48 164 142 51
 0 20 218 97 150 43 100 237 128 197 108 147 85 39 127 55 206 27 202 53 10 1 84 171 119 79 57 36 80 203 72 165 231 76 204 177 216 200 49 157 141 7 139 52 124 87 148 152 179 77 44 195
 232 91 112 158 175 33 178 122 115 181 32 74 185 225 11 31 187 205 117 90 173 60 192 94 145 137 215 75 213 35 235 134
 163 129 226 24 68 67 82 172 236 189 28 198 143 22
 106 121 3 8 18 29 47 170 184 4 109 131 201 116 120 140
 228 219 54 78 99 151 70 105 238 196 40 233 223 2 38 214
 130 81 209 221 149 159 64 208 118 6 9 230 92 239
 111 188 62 66 222 125 168 41 132 183 162 86 98 186 234 65 13 217 135 169 161 123 56
 5 146 227 50 61 229 166 154 160 126 153 16 220 103 30 93 89 88 12 46
 42 224 26 34 73 37 58 207 167 23 83 114 133 144 59 174 211 176 182 101 136 21 155

171178

 42 56 180 148 19 145 199 233 71 142 32 138 16 236 228 151
 120 149 82 64 121 131 51 209
 161 89 81 194 95 113 9 114 17 132 223 104 232 61 140
 116 4 63 227 156 214 45 78
 70 201 210 24 239 198 48 129 106 96 25 2 28
 105 97 158 44 84 57 43 171 238 108 93 79 31 35 39 47 137 235 75 10 182 195 122 7 167 173 100 197 46 124 200 91 26 128 192 152 49 117 20 115 11 203 80 1 76 202 139 204 179 36 127 52 147 72 150 231 85 74
 222 229 69 118 107 3 165 90 102 134 22 206 92 14 177 88 133 220
 221 67 143 172 226 189 190 103 191 212 130 58 230 219
 135 146 109 18 54 144 168 37 193 170 188 15 38 164 99
 110 5 73 94 125 23 136 234 224 34 207 59 13 213 217 68 211 111 159 6 163
 208 21 98 196 50 186 86 216 160 8 185 126 62 112 166 87 153 178 183 119 205 184
 225 12 33 40 162 123 30 60 157 53 101 215 66 83 175 176 154 237 55 29 155 77 181 218 174 0 27 169 65 187 41 141

181168

 71 113 164 230 99 69 188 17
 78 116 25 138 131 70 135 114 40 106 168 37 38 111 81
 142 189 190 42 101 172 63 219 58 156 22 107 149 54
 14 15 223 183 218 207 194 103 232 6 226 16 95 32 186 234 3 90
 221 227 51 104 191 209 92 201
 140 4 210 199 48 130 89 143 239 193 82 198
 146 129 59 9 73 170 236 159 121 144 205 21 196 229 50 119 46 228
 182 102 56 238 109 105 68 98 87 160 185 12 117 214 13 187 67 178 161 162 145
 44 179 157 0 195 84 85 176 139 30 76 75 52 147 158 79 20 115 57 1 133 174 7 86 124 72 128 150 200 203 167 35 197 10 11 169 100 122 152 74 80 41 91 225 175 27 108 171 33 36 137 202 127 112 215 49 204 55 235 39
 64 132 96 180 212 34 165 126 163 28 222 45 184 125 8 233 62
 94 18 224 19 65 110 26 211 83 177 53 77 24 66 153 61 120 155 23 213 136 216
 118 88 166 220 2 5 134 173 206 151 181 208 97 123 217 29 141 231 192 47 148 237 43 60 31 154 93

179728

 132 14 201 9 94 140 4 157 142 45 22 156
 130 24 164 199 121 15 2 82
 100 215 195 85 179 83 76 108 128 74 20 44 213 192 177 171 97 235 163 124 30 26 202 49 197 203 7 46 41 198 127 13 11 226 139 39 31 122 23 86 40 27 152 89 105
 180 129 51 92 165 21 64 120 229 212 18 126 239 62 184 34
 224 232 233 149 104 168 114 219 54
 230 209 99 191 111 189 188 221 183 58 61 37 159 5 90 118
 71 138 223 131 78 170 3 172 16 32 70 103 12 166 96
 222 60 65 75 160 101 150 158 169 10 167 55 36 216 77 112 208 66 174 187 147 136 1 52 84 79 115 137 206 80 57 0 175 134 72 35 53 200 173 148 59 98
 8 113 178 117 211 125 228 207 218 182 91 133 176 186 6 161 204 205 47 217 43 227 234
 143 48 63 67 38 68 194 19 210 42 87 190 95 231 56 135
 50 28 110 107 73 153 116 81 119 154 93 181 155 141 33 238 162 237 225 123 29 144
 214 102 25 106 193 17 69 88 146 196 220 145 151 185 236 109

171064

 205 229 142 230 164 190 172 22 63 107 191 180
 73 5 106 170 14 238 4 96 25 71 16 209 116 24 121
 129 51 64 194 138 82 120 239
 92 69 99 168 54 149 201 78
 193 117 102 15 70 210 2 223 38 199 28 226 145 233 219
 60 41 136 218 118 224 56 42 50 8 105 228 155 101 30 53 19 181 216 165 185 154
 143 111 113 214 140 212 132 131 45 156 68 227 58 159
 91 11 35 52 204 36 171 44 137 43 7 203 237 197 112 167 115 215 57 97 152 27 162 74 20 157 80 175 72 49 202 127 100 122 65 55 179 75 150 158 10 84 124 235 29 79 128 47 147 26 76 139 192 0 200 66 85 98 108 39 1
 67 236 198 184 186 160 178 12 148 133 169 151 13 234 83 206 87 182 187 217 153 211 90
 207 208 31 174 195 34 33 59 135 21 119 221 144 173 23 166 163 123 176 77 94 6 86 134 141 93
 189 126 3 231 81 177 18 103 95 188 88 196 220 222 61 62 161 110 225
 9 104 17 232 130 46 183 32 48 89 114 146 125 109 37 40 213

185520

 94 19 193 24 109 15 168 199 106 145 25 210 38 14 121
 63 239 190 92 180 129 191 201
 60 76 39 46 197 36 44 53 178 158 171 23 211 84 52 213 43 26 65 148 203 139 163 182 47 93 174 147 79 200 13 57 77 137 204 1 150 152 141 97 202 89 114
 54 238 161 50 67 165 86 233 222 22 162 29 217 237 28 70 117 135 206 123 105 98
 64 188 51 120 138 82 164 230
 113 143 189 209 219 111 130 131 102 90 224 68 187 125 58
 9 71 48 185 8 21 42 142 205 236 170 32 96 56 62 172
 45 140 83 159 18 226 228 41 33 136 235 153 30 155 34 0 175 40 91 215 181 101 225 176 192
 214 227 110 81 156 17 132 212 116 4 104
 149 2 223 3 88 229 5 146 119 6 78 186 103 118 198 208 12
 177 207 234 151 73 144 95 16 20 112 37 59 75 216 218 85 167 74 35 173 27 49 133 31 157 72 100 10 128 169 108 122 127 195 80 7 55 115 11 179 66 124
 232 194 231 184 221 87 107 166 61 160 134 154 69 99 220 183 196 126

176486

 22 143 187 180 145 230 48 24 130 191 71 190 63 107
 17 102 92 201 4 132 104 113
 212 224 121 106 131 138 129 214
 82 9 54 148 194 172 99 140 58 196 221 68 64 123 105 163
 15 208 42 164 149 199 120 2 193 69 116
 219 111 155 34 209 96 14 205 236 38 207 114 125 186 142 213 183
 51 46 239 156 81 109 28 62 165 70 45 226 210 184 222 135 30
 3 119 198 88 228 37 211 229 177 189 12 188 159 5 18 90 77 220 118
 21 141 56 98 160 43 154 136 66 234 134 93 178 151 176 181 101 162 169 33 53 13 117 218 41 216 174 60 217
 112 32 25 153 89 168 8 87 73 170 40 146 110 94 61 231 78 185 166
 232 223 95 227 103 144 238 16 233 161 225 6 157 19 50 31 55 126 67 59 133
 83 122 137 192 23 237 29 127 128 115 200 124 85 158 57 72 152 84 108 74 182 91 36 100 20 202 75 167 203 11 97 206 1 147 150 173 0 171 35 79 7 47 65 235 10 204 26 197 52 175 139 80 27 195 76 179 39 49 215 44 86

187477

 190 130 226 210 239 58 230 48 143
 121 71 106 194 120 140 199 116
 232 90 62 43 73 51 22 205 114 172 32 183 207 101 125 34 69 96
 7 29 36 98 179 197 76 139 147 52 41 137 47 167 79 57 203 35 127 0 80 215 85 30 13 44 152 213 158 20 60 10 175 181 115 134 112 122 26 11 72 49 39 108 86 33 31 208 195 204 97 53 46 161 150
 119 24 14 81 136 111 201 83 180 17 209 92
 9 104 177 37 135 174 66 182 144 23 154 165 176 50 216 153 162 109 224 77 40 123
 193 94 82 25 146 3 70 64 15 78 54 168 145 6 185 166
 142 2 102 138 88 229 186 198 219 223 4 164 5 89 184
 131 149 45 148 113 214 231 18 159 189 103 220 228 196 42 68
 236 160 227 38 1 55 61 56 16 12 221 67 21 206 93 170 169 222 105 233 234
 28 107 191 99 129 19 110 212 63 156 178 59 118 211 117 8
 132 87 95 155 238 188 151 84 218 157 141 202 126 200 187 133 91 27 235 100 163 217 75 128 192 124 237 65 225 74 173 171

176321

 201 17 92 111 227 180 142 209
 190 191 48 106 129 138 45 120 28 156 131 135 64 117
 113 196 90 4 99 186 219 69 9 63 25 207 104 224 125
 96 239 71 102 199 112 232 193 221
 33 21 54 116 194 95 98 34 38 189 225 132 236 88 16 210 153 231
 168 15 32 94 146 214 82 3 154 78 121 145 109
 163 51 58 164 126 230 2 205 22 172 61 229 226 170 62
 114 238 37 30 233 105 81 67 184 19 166 140 123 87 70 162 40 110 83 151 6
 50 68 183 24 136 103 119 143 130 198 223 187 212 133 157 177 188 73
 23 204 122 11 192 46 108 182 36 84 43 175 77 10 202 195 176 167 91 128 100 39 179 27 53 85 137 57 35 217 44 200 79 215 76 158 80 7 171 0 49 235 211 41 97 203 72 169 31 139 152 115 197 20 178 52 150
 144 155 141 59 107 26 93 148 206 181 173 18 1 60 237 161 124 65 216 47 147 14 29 218 86 234 127 13 74 75 213
 185 118 208 8 149 56 165 220 101 89 160 42 12 159 174 55 66 222 228 5 134

176886

 22 143 187 180 145 230 48 24 130 191 71 190 63 107
 17 102 92 201 4 132 104 113
 212 224 121 106 131 138 129 214
 82 9 54 148 194 172 99 140 58 196 221 68 64 123 105 163
 15 208 42 164 149 199 120 2 193 69 116
 219 111 155 34 209 96 14 205 236 38 207 114 125 186 142 213 183
 51 46 239 156 81 109 28 62 165 70 45 226 210 184 222 135 30
 3 119 198 88 228 37 211 229 177 189 12 188 159 5 18 90 77 220 118
 21 141 56 98 160 43 154 136 66 234 134 93 178 151 176 181 101 162 169 33 53 13 117 218 41 216 174 60 217
 112 32 25 153 89 168 8 87 73 170 40 146 110 94 61 231 78 185 166
 232 223 95 227 103 144 238 16 233 161 225 6 157 19 50 31 55 126 67 59 133
 83 122 137 192 23 237 29 127 128 115 200 124 85 158 57 72 152 84 108 74 182 91 36 100 20 202 75 167 203 11 97 206 1 147 150 173 0 171 35 79 7 47 65 235 10 204 26 197 52 175 139 80 27 195 76 179 39 49 215 44 86

{{22, 143, 187, 180, 145, 230, 48, 24, 130, 191, 71, 190, 63, 107}, {17, 102, 92, 201, 4, 132, 104, 113}, {212, 224, 121, 106, 131, 138, 129, 214}, {82, 9, 54, 148, 194, 172, 99, 140, 58, 196, 221, 68, 64, 123, 105, 163}, {15, 208, 42, 164, 149, 199, 120, 2, 193, 69, 116}, {219, 111, 155, 34, 209, 96, 14, 205, 236, 38, 207, 114, 125, 186, 142, 213, 183}, {51, 46, 239, 156, 81, 109, 28, 62, 165, 70, 45, 226, 210, 184, 222, 135, 30}, {3, 119, 198, 88, 228, 37, 211, 229, 177, 189, 12, 188, 159, 5, 18, 90, 77, 220, 118}, {21, 141, 56, 98, 160, 43, 154, 136, 66, 234, 134, 93, 178, 151, 176, 181, 101, 162, 169, 33, 53, 13, 117, 218, 41, 216, 174, 60, 217}, {112, 32, 25, 153, 89, 168, 8, 87, 73, 170, 40, 146, 110, 94, 61, 231, 78, 185, 166}, {232, 223, 95, 227, 103, 144, 238, 16, 233, 161, 225, 6, 157, 19, 50, 31, 55, 126, 67, 59, 133}, {83, 122, 137, 192, 23, 237, 29, 127, 128, 115, 200, 124, 85, 158, 57, 72, 152, 84, 108, 74, 182, 91, 36, 100, 20, 202, 75, 167, 203, 11, 97, 206, 1, 147, 150, 173, 0, 171, 35, 79, 7, 47, 65, 235, 10, 204, 26, 197, 52, 175, 139, 80, 27, 195, 76, 179, 39, 49, 215, 44, 86}}
187477 178704
Process returned 0 (0x0)   execution time : 610.534 s
Press any key to continue.
