instancias-Grupos/TipoC/DCC136-480_01.txt

 23 269 15 158 59 42 28 147 43 83 112 189 308 399 115 133 120 240 429 89 162 4 10 16 31 44 73 80 86 95 100 123 206 46 21
 261 438 63 8 204 67 60 279 79 289 51 65 457 447 375 380 226 245 186 273 345 346 358 372 373 378 431 274 281 130 170
 249 264 409 377 62 470 462 203 464 383 357 53 172 38 104 99 405 74 32 174 213 257 259 263 265 296 311 243 368
 443 128 205 260 9 426 2 49 142 27 248 244 208 141 381 276 461 237 217 166 354
 116 255 69 474 246 192 384 293 113 353 180 410 71 362 229 452 337 91
 219 271 207 355 14 108 317 394 332 202 363 215 298 370 350 236 432
 349 161 105 36 26 241 393 456 460 272 129 388 114 184 312 446 342 382 418 425 430 275 329 366 341 327 119 233
 371 324 41 151 406 364 475 284 196 190 54 336 19 442
 225 85 415 194 299 449 78 247 454 191 361 25 195 33 319
 437 178 250 376 455 18 223 87 348 131 305 5 111 287 306
 476 256 401 117 122 392 228 218 347 124 220 77 416 451 434 288 321 283 201 224 290 291 300 307 315 333 126 328 251 150 386 417 148 61 197
 155 149 221 404 93 390 0 360 238 97 227 262 183 252 320 439 465 397 414 374 20 35 55 88 94 98 139 199 450 231 387 39 369 146
 435 326 152 40 132 90 239 106 385 3 459 144 34 64 179 181 266
 351 286 72 66 56 322 12 45 436 135 395 359 209 396
 76 30 467 448 136 477 408 24 154 29 478 171 389 472 96 103 407 81 48 304 102 118 138 143 167 176 182 211 469 412 314 47 427 458
 292 68 339 463 230 258 52 101 13 419 157 356 6 294 193 316 335 140
 134 57 277 433 7 156 127 232 267 169 165 340 280 173 164 175 153 58 109 163 188 216 234 235 295 297 338 323 17 302
 428 303 270 411 318 214 310 168 185 253 445 37 391 222 278 365 22 403 413 420 421 422 440 441 145 424 82 309
 210 198 160 75 400 268 254 468 367 313 107 187 92 110 200 453 471 137 423 177 125 330 242
 121 50 473 352 402 1 331 479 70 334 159 343 84 466 444 285 282 325 344 379 398 11 212 301

374236

 96 85 23 156 142 81 467 253 401 465 398 113 188 168 310 316 338 86 341 402 320 463 11 110 104 325 48 210
 444 46 321 308 111 365 375 176 0 464 256 89 36 447 3 14 33 54 42 8 190 34 221 345 461 101 271 105 394 302 184 87
 470 108 112 449 350 247 135 19 438 61 301 57 20 123 131 163 182 206 219 172 344 355 130 299 187 50 62 356
 15 411 129 462 429 244 140 476 27 270 269 169 180 52 67 73 82 76 145 39 217 195 58 412 98 340 55
 406 51 456 103 407 258 194 208 214 49 322 420 439 410 423 426 446 393 309 323 392 382 404 333 262 396 418 1 170
 272 314 144 90 72 157 248 211 181 371 324 428 443 132 372 167 109 218 205 238 292 413 395 354 459
 192 223 268 18 65 251 171 278 377 124 352 216 378 319
 226 154 24 332 191 134 452 241 38 231 41 204 264 409 227 229 232 236 250 35 9 260 146 63 75 431 183 424 457 151
 64 390 460 30 425 415 473 60 403 432 479 174 282
 107 83 312 466 289 133 92 453 179 291 207 198 228 68
 430 28 22 234 471 220 136 436 178 422 475 29 353 419 31
 437 327 243 45 286 173 78 66 255 162 197 143 347 201 4 88 94 95 102 114 115 158 2 351 391 175 97 362 303 224 442 315 280 385 295 326 450 283
 79 441 6 360 93 17 435 380 335 367 266 277 257
 233 10 329 125 5 305 455 185 468 342 379 16 287 128 246
 91 451 21 313 285 331 337 276 152 381 265 306 138 359
 240 242 147 252 399 400 434 118 120 281 328 274 193 254 263 284 288 290 293 294 296 297 307 369 357 304 189 150 311 259 279 59 346 458 383 477 386 417
 275 366 440 384 80 416 273 200 300 317 12 199 47 212 71 37 106 117 122 137 155 164 166 448 330 389 126 44 70 196 261 397 469 177 43 139 239 364 349 100
 203 99 161 25 7 235 421 53 445 209 336 368 26 160 454 165 245
 405 343 32 225 77 74 159 318 472 478 474 127 40 215 334 222 361 121 213
 13 387 414 153 141 186 237 427 149 363 56 202 148 119 433 267 84 339 358 374 376 388 408 69 116 348 249 373 230 298 370

376694

 311 86 301 90 203 283 1 124 164 260 134 296 364 44 319 405 264 39 336 299 371 190 181 216 4 10 11 27 28 33 37 46
 332 24 77 45 445 428 225 132 381 359 284 375 157 226
 369 343 47 25 40 385 366 106 479 406 352 146 185 330 362 334 23 308 305 435
 204 123 63 457 183 261 60 191 126 380 130 220 247 18 41 51 274 65 438
 207 342 398 38 392 154 370 382 75 7 363 237 155 200 241
 393 470 376 141 197 71 410 471 476 281 87 432 42 53 245 463 286 142 9 184 240 360 59 61 62 72 135 159 166 243
 424 288 441 257 280 391 388 314 456 439 194 79 291 101 218 297 404 127 118 2 303 289 55 14 15 67 73 100 103 117 139 148 150 161 206 234 235 349
 304 5 313 250 182 89 302 290 413 168 176 84 152 120 266 26 454 354 451
 147 397 95 201 317 162 440 401 98 465 347 468 177 160 80 255 421 316 99 409 423 434 453 475
 82 174 462 244 459 229 338 137 293 129 378 447 430 420 436 279 76 158 395 300 365 396 418 426 429
 136 273 52 467 353 145 140 282 473 6 81 446 328 253 357 427 400 114 143 249 377 466
 323 267 433 217 460 292 270 248 411 239 179 403 276 169 309 119 444 271 458 472 287 88 306 310 318 321 322 345 416
 211 97 285 224 113 208 49 228 214 256 272 372 478 48 242 298 346 36 107 326 187 12 198 83 92 165 196 199 205 210 227
 361 56 108 367 104 223 394 417 74 232 94 356 464 125 156 115 312
 431 167 43 192 259 133 112 390 374 320 379 329 31 213 452 34 0 64
 252 68 189 399 469 341 122 109 171 19 443 144 35 149 238 170 110 350 262 231 20 16 22 186 209 222 233 254 373 450
 295 344 180 70 477 246 337 128 263 268 412 474 91 442 17 269 251 116 85 151 331 339 358 368 383 384 389 408 448
 69 402 275 121 236 258 212 78 333 215 449 32 172 387 29 407 419 335 54 422 325 415 461
 202 138 163 21 324 219 277 57 355 131 348 3 455 50 386 315
 294 13 327 188 437 178 351 96 111 30 105 153 93 230 66 414 175 193 425 173 340 58 8 102 195 221 265 278 307

376225

 246 115 256 477 401 465 43 55 89 344 390 41 18 192 337 140 336 133 335 339 372 419 434 437 443 449 458 247
 86 311 301 90 203 283 1 124 164 260 296 364 44 319 405 264 39 371 173 181 216 299 190 4 11 28 31 32 45 50 61 62 134
 270 175 81 328 422 282 473 103 410 279 251 395 265 205 444 318 391 224 139 375 156 17 20 51 57 63 69 71 78 150 281
 77 91 381 40 132 25 34 9 383 160 33 73 152
 59 426 274 87 425 8 219 105 271 470 202 245 131 388 370 363 298 100 174 122 214 262 263 267 269 272 329 369 158
 290 220 294 235 439 392 323 358 208 97 276 266 54 112 297 346 416 94 382
 221 42 149 35 432 409 292 155 236 154 348 399 360 238 361 209
 302 414 80 204 65 407 157 108 446 314 29 75 258 445 14 284 26 184 324 343 403 453 472 474 475 2
 111 233 145 127 365 418 187 232 431 165 436 229 347 462 189 385 478 171 123 201 273 68 82 88 93 101 102 107 119 212 153
 249 146 309 368 7 452 169 259 340 241 180 15 331 53 38 191 0 393 215 218 98 104 109 110 137 144 147 167 170 95 234 176
 58 179 468 64 326 83 223 16 206 199 322 84 450 447 36 135 351 350 316
 289 355 178 207 332 459 13 186 46 248 148 116 341 96 461 141 230 3 421 163 227 243 252 277 303 304 411 417 377
 244 325 159 448 195 143 76 464 30 27 408 70 460 182 193 356 74 114 433 469 240 6 72 161 210 213 222 231 242 280 386 308
 177 295 286 429 362 120 330 352 117 479 415 250 197 253 366 288 442 106
 92 287 379 455 353 321 12 376 373 99 196 300 47 48 129 168 402 275 136 342 467 188
 451 79 438 261 454 5 313 10 333 307 306 130 126 60 312 21 19 345
 424 440 423 268 200 397 374 394 217 456 378 400 305 118 125 441 237 404 420 471 387 194 228
 320 254 310 225 185 85 24 226 291 56 22 239 413 354 466 255 359
 172 327 406 435 67 463 151 384 52 357 293 396 257 66 121 317
 285 183 315 211 349 457 380 49 412 389 23 162 113 142 128 166 37 334 198 278 338 367 398 427 428 430 476 138

372719

 431 167 43 462 137 308 296 452 229 346 95 259 192 429 89 465 177 72 155 146 128 20 55 62 93 113 118 131 139 159 197 212 235
 203 302 99 245 209 417 104 293 270 25 239 360 161 450 160 36 375 37 421 403 3 7 82 109 117 148 162 166 168 169
 422 29 328 359 252 478 22 415 304 215 413 24 443 16 354 147 0 222 19 365 381 448 453 457
 322 86 199 206 287 242 326 17 238 61 459 214 318 276 444 158 309 334 248 435 77 225 152 170 179 186 196 205 227 295
 445 277 115 143 156 273 1 124 65 279 133 228 289 250 111 2 87 437 49 353 372 385 394 407 408 412 418 426 427 428
 405 371 332 44 73 134 253 34 38 374 377 456 390 27 18 231 341
 188 56 327 12 135 83 466 183 370 60 97 219 164 4 398 74 469 68 471 430 447 454 476 479
 57 178 175 208 414 129 406 312 401 436 96 153 141 392 347 240
 223 108 356 344 361 294 367 433 386 451 112 404 342 122 258 464 220 434 400
 48 189 114 298 204 402 66 184 84 363 6 271 216 187 261 449 51 373 63 176 103 281 81 419 5 13 28 32 45 46 53 75
 171 260 423 319 9 39 251 10 123 90 399 366 475 142 380 116 106 301 132 40 234 257 265 269 275 282 286 299 300 349
 101 396 266 23 291 230 79 441 393 94 343 432 21 463 345 195
 473 180 410 70 395 461 446 382 213 136 54 92 210 241 80 207 154
 389 307 330 397 477 126 47 120 224 30 121 150 193 78 200 316 352 201 440 383 8 172 313 232 15 50 58 76 88 102 105 127
 268 317 91 198 474 384 107 337 110 247 246 321 331 244 376 455
 202 138 267 69 387 438 283 292 336 460 420 236 182 355 264 339 71 149 335 338 364 442 470
 100 64 467 174 472 379 11 191 98 285 368 468 165 151 85 357 324 348
 26 14 409 254 119 157 33 140 358 218 59 272 130 67 233
 340 280 249 163 391 52 194 144 439 297 314 41 181 256 145 35 424 42 190 237 388 315 350 31 211 221 226 243 262 303
 288 333 378 458 310 278 320 185 411 311 263 425 369 125 255 173 416 362 274 284 217 290 305 306 323 325 329 351

374413

 297 187 49 233 107 242 286 262 198 376 400 285 372 97 164 0 468 128 146 155 231 259 272 310 320 325 346 349 373 166 81 25
 393 470 304 255 283 44 362 384 79 302 441 180 313 257 5 331
 265 80 235 189 439 92 23 98 113 340 45 52 275 77 46 165 308 321 228 267 342 350 360 363 421 465
 377 17 134 397 433 440 225 177 448 291 24 147 391 443 179 250 30 89 274 281 240 94 131 135 145 159 161 210 239 288 413
 356 182 193 222 386 176 63 352 287 18 424 86 445 211 183 371 140 247 455 358 278
 201 464 232 437 108 444 387 99 160 36 105 403 112 420 143 87 156 123 380 354 361 374 398 409 31 410
 442 7 26 474 405 74 32 264 203 38 449 184 172 456 327 341 110 430 452 453 461 467 226 241 379
 133 300 141 188 136 96 168 13 178 401 153 306 294 117 337 427 220 392 126 451 88 93 116 148 213 412 102 223
 162 345 429 95 214 171 375 389 399 69 192 224 208 251 39 318 158 150 269 279 366 43 14 35 40 59 61 70 71 75 90 100 111 446 469 303 266 256
 450 311 85 48 268 84 199 151 78 478 463 142 196 359 475 234 29 289 68 402 163 3 11 16 22 47 50 58 62 351 252
 330 423 175 323 54 120 328 4 109 383 416 195 73 395 307 473 10 280 419 121
 476 355 218 347 124 37 338 462 385 459 229 365 271 15 137 431 418 369 33 56 243 244 290 293 317 411 417 227 6 296
 305 394 215 9 249 42 407 119 309 471 326 295 202 299 200 238 169 127 334 276 106 114 132 181 212 216 217 458 205
 237 174 370 425 368 426 115 60 2 245 104 378 333 315 125 157 298 129
 248 460 186 457 51 390 314 353 207 221 270 404 292 67 382 118
 282 154 103 139 408 138 381 91 19 34 432 149 197 316
 335 260 8 339 438 261 230 76 191 434 312 284 83 414 66 336 204
 209 477 301 344 263 173 246 367 332 130 258 122 20 436 348 57 41 253
 466 322 1 65 219 277 82 101 447 236 454 72 12 185 273 167 55 388 479 343 396 415 422 428 190 206
 53 406 254 364 170 324 319 21 472 64 152 329 194 144 357 435 27 28

372815

 253 390 413 247 211 377 316 370 43 140 18 89 130 168 279 250 290 405 462
 303 51 289 456 441 341 156 214 375 48 11 411 125 74 318 133 23 240 196 221 222 236 275 278 297 449 439
 298 62 186 84 63 271 6 317 242 257 161 69 184 432 363 110
 285 315 276 379 212 261 136 479 154 342 16 258 220 388 78 319 223 233
 237 200 45 230 437 295 259 422 143 98 326 120 199 12 374 83 228 378 189 15 217 5 32 60 138 151 160 166 421 322
 310 312 288 116 255 468 164 165 127 169 474 225 218 426 268 417 284 287 347 215
 122 93 111 308 361 149 77 238 35 348 399 265 360 350 455 365 251 444 17 273 408 410 412 415 420 427 428 429 433 450 448 20
 94 382 392 67 323 95 65 179 349 97 170 372 309 19 80 119 364 314 99 0 7 53 61 71 73 132 135 146 159 187 416 393
 385 47 369 334 343 366 352 141 29 106 305 384 40 406 353 272 28
 191 147 59 134 24 328 397 216 443 4 465 467 75 400 330 401 269 81 463 434 177 252 27 66 174 193 194 202 205 235 13 201
 56 232 25 409 359 137 33 234 36 254 475 26 442 367
 338 243 248 181 403 3 461 351 197 54 452 266 229 332 459 92
 292 68 339 335 203 241 182 121 171 144 283 438 79 387 142 123 50 291 423 440 460 231 55 376 145 115
 263 274 477 37 425 458 100 419 22 246 333 293 70 469 394 270 117 296 395 368 239 139 87 1 14 41 82 88 102 112 118 153 346 204 158 183 476
 76 219 345 264 46 325 131 39 294 101 44 52 336 256 398 90 109 195 172 173 210 244 282 300 386 2 362
 436 224 42 286 327 299 471 152 126 64 381 176 103 262 198 407 267 148 402 209 249 302 306 321 331 337 150 114
 157 107 354 356 108 91 383 185 418 85 478 155 30 128
 178 175 208 414 129 430 104 96 304 38 188 340 180 227 404 57 466
 162 447 344 124 245 389 58 21 281 8 206 86 473 453 72 380 277 49 10 313 435 445 451 454 457 472 105 464 307
 355 424 320 358 207 9 31 213 470 226 446 192 260 167 34 190 113 371 163 301 311 324 329 357 373 391 396 431 280

377005

 84 241 444 266 284 14 112 347 478 272 26 151 205 54 217
 275 89 52 378 260 139 8 113 192 279 458 224 90 435 18 20 395 166 306 311 325 329 345 285 360 252 196
 312 129 39 57 222 164 261 19 375 59 29 332 68 418 304 449 315
 185 234 392 442 228 287 189 165 336 373 235 178 447 330 365 223 271 431 436 452 421 376 321 187 220 401 83
 175 270 81 328 422 282 473 318 417 265 337 391 200 251 190 273 268 65 72 79 453 109 91 76 103
 342 207 398 38 327 193 370 237 111 3 356 414 221 404 172 425 93 267 41 374 123 105 341 149
 253 158 390 413 247 211 377 43 13 320 225 206 399 34 177 120 259 463 254 4 11 15 37 48 51 56 69 0 296 22 302 24 104 61 476 100 126 35 97 368 183 130
 44 384 116 456 198 380 248 49 214 244 240 420 277 142 188 460 10 412 64 71 75 82 85 86 115 144 46 55 394 148 153 219 469
 17 440 433 397 156 428 450 60 262 291 199 32 343 317 33 150 47 461 157 163 171 180 201 203 212 231 256 326 167 410 351 101 108
 134 274 133 73 145 430 159 88 121 215 236 387 125 66 455 50
 305 383 357 87 416 114 124 106 286 238 6 9 117 434 352 353 290
 74 170 331 77 293 445 407 362 322 110 186 127 257 45 242
 301 295 344 477 250 411 213 173 137 230 470 338 283 269 210 432 451 464 31 379 367 446 136 263 316
 233 208 294 466 386 132 179 319 16 2 135 479 358 276 216
 197 297 102 161 426 218 122 350 310 70 424 181 371 58 468 42 361 363 372 381 389 393 400 427 408 53 313 1 182 141
 169 385 249 146 429 403 12 92 99 160 7 239 309 232 25 209 474 119 174 229 246 300 314 335 168 459 95 140 388 299 364
 176 457 255 465 471 346 334 5 63 409 245 80 462 454 204 191 419
 298 62 437 131 152 264 280 324 288 333 202 21 243 27 107 227 30 340 349 366 369 396 402 405 406 415 184 308 307 78 303 443 281 448 258 289 439
 138 40 472 467 339 23 348 226 98 355 195 143 162 96 278 292 323 423 154 155
 194 354 36 128 382 94 67 438 441 28 475 147 359 118

375893

 34 144 321 9 314 320 342 333 160 399 49 136 39 25 112 457 237 270 190 185 211 217 221 244 249 262 31 254
 317 6 459 385 366 247 121 246 127 163 258 439 10 469 21 291 142 301 367 313 332 289 26 77 79 82 90 93 101 153 386 94
 60 315 425 174 3 434 341 282 344 125 426 197 56
 305 215 407 406 119 336 28 242 343 133 371 67 14 29 73
 353 113 275 402 299 145 12 404 429 69 322 479 168 2 172 129 466 387
 375 304 312 261 30 418 19 187 478 448 154 24 37 477 408 250 396 449 451 452 471 472 352
 137 308 346 81 95 63 431 86 287 416 326 309 80 281 364 124 273 345 340 102 5 462 146 225 7 11 13 32 54 55 59 61 71 122 378 295 464 450 42
 0 231 97 218 370 150 393 128 88 224 327 283 47 349 392 126 286 436 161 155 432 118 159 177 198 205 207 260 229
 213 271 470 338 290 355 474 446 70 278 318 92 105 202 130 461 363
 405 334 182 1 74 212 58 200 193 445 183 276 195 241 203 292 4 381 476 181 424
 106 256 139 285 51 390 138 206 369 43 89 50 152 23 115 46 120 158 468 84 413 409 8 72 76 111 141 354 52
 368 62 410 279 156 103 255 239 140 57 456 222 170 110 272 348 219 87 362 147 164 263 274 277 280 288 296 297 300 302 310 394 458
 135 36 179 252 360 455 267 201 209 35 238 361 216 232 149 350
 176 319 454 53 428 415 324 16 27 114 64 184 48 66 117 191
 100 245 379 417 298 264 131 104 41 220 388 192 132 33 356 240 358 157 294 208 328 414 419 437 438 440 441 423 167
 257 265 331 347 325 473 380 189 143 233 123 460 373 108 18 465 306 442 68 376 337 196
 248 427 243 430 453 180 75 403 20 22 65 175 99 91 85 311 268 293
 253 467 398 401 188 178 96 214 210 303 400 443 422 45 421 162 330 307 316 359 374 389 391 395 397 412 420 194
 329 447 165 235 83 372 134 107 475 44 15 234 226 223 228 251 269 236 335 382 98 259 365
 435 148 384 357 463 40 199 339 169 186 411 227 433 151 266 383 351 17 444 323 284 377 109 116 166 171 173 204 230 78 38

375705

 417 293 298 106 87 379 264 104 183 308 133 74 466 432 239 159 215 40 102 117 127 148 150 212 280 41 114 100 300 60 245 66 131 167
 246 115 256 401 465 43 89 344 360 192 384 362 113 474 337 71 171 221 243 307 389 135 216 477 369 347 431 139 55 122 390
 237 200 230 240 83 46 84 421 193 207 136 289 332 284 328 372 374 405 141 271 45 241 261 250 120 414 186
 273 156 126 251 380 270 163 450 475 194 118 142 260 220 91 147 281 282 327 1 123 85 319 101 257 391
 311 301 283 124 164 134 302 44 364 269 173 304 39 434 99 330 3 7 10 17 19 29 413 203 77 90 224 86 116 197 296 263 295 32 175
 349 161 105 36 228 456 198 25 385 47 449 392 187 26 326 291 209 336 343 49 333 346 286 317 322 325
 468 73 52 472 21 313 152 33 64 5 160 471 383 50
 94 67 65 219 151 388 79 447 223 165 15 454 415 2 80 155 172 178 196 34 179 351 206 199 233 4 166
 234 185 22 146 352 419 262 290 397 316 455 242 6 8 13 72 92 95 111 130 20 294 177 18 184 252 427 399 288 235 356 297 266 70 35 366
 378 191 59 98 38 93 96 408 402 361 407 460 0 103 335
 68 339 140 467 11 23 334 213 153 321 188 112 255 358 422 428 435 375 292 182 24 463 451 464 247 440 376
 410 348 144 272 265 57 205 309 211 97 285 395 132 473 208 54
 168 318 204 276 299 403 338 88 306 210 76 479 143 195 377 381 444 453 458 162 411 158 354 238 201 248 169 181
 305 394 371 457 406 329 341 353 119 303 373 287 342 312 370 51 350 14 430 441 398
 125 365 259 56 274 190 16 363 108 478 78 236 461 367 128
 12 75 217 48 268 180 446 231 423 218 340 323 109 110 331 393 424 439 442 443 469 476 404 170 448 382 227 176 258 357 81 412 189 386 314
 53 28 320 310 61 409 345 429 253 254 445 42 225 149 359 278
 138 69 387 275 121 433 355 277 396 459 30 324 438 420 202 214 267
 416 9 62 244 426 470 279 249 436 368 27 462 58 452 425 129 229 63
 82 174 400 137 37 145 226 222 315 107 437 31 232 418 154 157

373987

 253 390 413 247 211 377 316 370 43 140 18 89 130 168 279 250 290 405 462
 303 51 289 456 441 341 156 214 375 48 11 411 125 74 318 133 23 240 196 221 222 236 275 278 297 449 439
 298 62 186 84 63 271 6 317 242 257 161 69 184 432 363 110
 285 315 276 379 212 261 136 479 154 342 16 258 220 388 78 319 223 233
 237 200 45 230 437 295 259 422 143 98 326 120 199 12 374 83 228 378 189 15 217 5 32 60 138 151 160 166 421 322
 310 312 288 116 255 468 164 165 127 169 474 225 218 426 268 417 284 287 347 215
 122 93 111 308 361 149 77 238 35 348 399 265 360 350 455 365 251 444 17 273 408 410 412 415 420 427 428 429 433 450 448 20
 94 382 392 67 323 95 65 179 349 97 170 372 309 19 80 119 364 314 99 0 7 53 61 71 73 132 135 146 159 187 416 393
 385 47 369 334 343 366 352 141 29 106 305 384 40 406 353 272 28
 191 147 59 134 24 328 397 216 443 4 465 467 75 400 330 401 269 81 463 434 177 252 27 66 174 193 194 202 205 235 13 201
 56 232 25 409 359 137 33 234 36 254 475 26 442 367
 338 243 248 181 403 3 461 351 197 54 452 266 229 332 459 92
 292 68 339 335 203 241 182 121 171 144 283 438 79 387 142 123 50 291 423 440 460 231 55 376 145 115
 263 274 477 37 425 458 100 419 22 246 333 293 70 469 394 270 117 296 395 368 239 139 87 1 14 41 82 88 102 112 118 153 346 204 158 183 476
 76 219 345 264 46 325 131 39 294 101 44 52 336 256 398 90 109 195 172 173 210 244 282 300 386 2 362
 436 224 42 286 327 299 471 152 126 64 381 176 103 262 198 407 267 148 402 209 249 302 306 321 331 337 150 114
 157 107 354 356 108 91 383 185 418 85 478 155 30 128
 178 175 208 414 129 430 104 96 304 38 188 340 180 227 404 57 466
 162 447 344 124 245 389 58 21 281 8 206 86 473 453 72 380 277 49 10 313 435 445 451 454 457 472 105 464 307
 355 424 320 358 207 9 31 213 470 226 446 192 260 167 34 190 113 371 163 301 311 324 329 357 373 391 396 431 280

{{253, 390, 413, 247, 211, 377, 316, 370, 43, 140, 18, 89, 130, 168, 279, 250, 290, 405, 462}, {303, 51, 289, 456, 441, 341, 156, 214, 375, 48, 11, 411, 125, 74, 318, 133, 23, 240, 196, 221, 222, 236, 275, 278, 297, 449, 439}, {298, 62, 186, 84, 63, 271, 6, 317, 242, 257, 161, 69, 184, 432, 363, 110}, {285, 315, 276, 379, 212, 261, 136, 479, 154, 342, 16, 258, 220, 388, 78, 319, 223, 233}, {237, 200, 45, 230, 437, 295, 259, 422, 143, 98, 326, 120, 199, 12, 374, 83, 228, 378, 189, 15, 217, 5, 32, 60, 138, 151, 160, 166, 421, 322}, {310, 312, 288, 116, 255, 468, 164, 165, 127, 169, 474, 225, 218, 426, 268, 417, 284, 287, 347, 215}, {122, 93, 111, 308, 361, 149, 77, 238, 35, 348, 399, 265, 360, 350, 455, 365, 251, 444, 17, 273, 408, 410, 412, 415, 420, 427, 428, 429, 433, 450, 448, 20}, {94, 382, 392, 67, 323, 95, 65, 179, 349, 97, 170, 372, 309, 19, 80, 119, 364, 314, 99, 0, 7, 53, 61, 71, 73, 132, 135, 146, 159, 187, 416, 393}, {385, 47, 369, 334, 343, 366, 352, 141, 29, 106, 305, 384, 40, 406, 353, 272, 28}, {191, 147, 59, 134, 24, 328, 397, 216, 443, 4, 465, 467, 75, 400, 330, 401, 269, 81, 463, 434, 177, 252, 27, 66, 174, 193, 194, 202, 205, 235, 13, 201}, {56, 232, 25, 409, 359, 137, 33, 234, 36, 254, 475, 26, 442, 367}, {338, 243, 248, 181, 403, 3, 461, 351, 197, 54, 452, 266, 229, 332, 459, 92}, {292, 68, 339, 335, 203, 241, 182, 121, 171, 144, 283, 438, 79, 387, 142, 123, 50, 291, 423, 440, 460, 231, 55, 376, 145, 115}, {263, 274, 477, 37, 425, 458, 100, 419, 22, 246, 333, 293, 70, 469, 394, 270, 117, 296, 395, 368, 239, 139, 87, 1, 14, 41, 82, 88, 102, 112, 118, 153, 346, 204, 158, 183, 476}, {76, 219, 345, 264, 46, 325, 131, 39, 294, 101, 44, 52, 336, 256, 398, 90, 109, 195, 172, 173, 210, 244, 282, 300, 386, 2, 362}, {436, 224, 42, 286, 327, 299, 471, 152, 126, 64, 381, 176, 103, 262, 198, 407, 267, 148, 402, 209, 249, 302, 306, 321, 331, 337, 150, 114}, {157, 107, 354, 356, 108, 91, 383, 185, 418, 85, 478, 155, 30, 128}, {178, 175, 208, 414, 129, 430, 104, 96, 304, 38, 188, 340, 180, 227, 404, 57, 466}, {162, 447, 344, 124, 245, 389, 58, 21, 281, 8, 206, 86, 473, 453, 72, 380, 277, 49, 10, 313, 435, 445, 451, 454, 457, 472, 105, 464, 307}, {355, 424, 320, 358, 207, 9, 31, 213, 470, 226, 446, 192, 260, 167, 34, 190, 113, 371, 163, 301, 311, 324, 329, 357, 373, 391, 396, 431, 280}}
377005 374969
Process returned 0 (0x0)   execution time : 611.299 s
Press any key to continue.