instancias-Grupos/TipoC/DCC136-480_02.txt

 399 161 115 124 348 342 299 233 65 13 328 189 454 120
 175 442 195 430 118 81 346 222 5 71 49 63 419 285 372 387 435 476 266 270 133 208 424
 400 45 206 251 344 474 185 313 267 99 362 377 93 237 103
 243 79 54 296 228 173 109 196 269 67 333 277 28 182 142 51
 452 225 322 57 351 294 264 260 381 69 221 389 215 471 472 475 4 160 451 21 155 273
 253 265 92 46 479 1 100 303 113 219 165 154 212 343 373 374 396 397 398 401 354 302 22 439
 61 327 248 47 460 68 316 292 276 75 421 425 193 286 364 252 432 207 105 11 74 96 97 98 101 110 114 224 166 238 168 73 176 376 407 116 371 304 12
 135 263 280 205 199 365 404 331 223 7 305 108 353 55
 338 6 392 85 281 227 83 469 394 326 468 414 130 335 274 279 291 317 332 337 350 352 349 478 455 315
 0 441 159 449 77 367 31 262 180 250 14 308 257 290 415 428 450 453 456 462 163 405 23 284
 84 213 287 16 106 59 340 363 334 104 76 157 134 111 162 48 201 470 137 152 171 178 186 191 217 413 393 95 91 179 188 339
 132 403 82 245 383 240 174 375 271 172 385 298 42 226 181 17 202 94 283 15 24 26 29 34 41 44 52 53 229 423 417 255 242 169 288 239 33 43
 323 463 466 429 144 345 27 411 204 307 301 390 420 78 361 446 197 254 210 241 246 249 261 318 319 464 170 145 220
 146 247 384 32 20 314 458 10 306 18 416 244 278 268
 86 309 216 184 272 190 355 2 122 444 329 139 341 36 358 126 386
 8 102 230 50 382 203 409 200 369 408 395 437 457 311 129 194 211 214 218 232 236 259 192 128 324 62
 58 39 418 117 477 38 359 325 235 370 412 289 431 321 88 310 391 406 426 434 438 445 465 402 422
 330 461 35 320 440 356 156 147 347 112 443 231 258 467 125 127 150 70 56 64 141 148 167 9 131 234 427 366
 87 136 297 177 282 459 368 19 3 187 89 209 295 256 198 436 30 151 149 37 72 119 121 123 138 143 164 448 312 447 433 379 360 25 357
 140 183 107 473 293 336 90 380 80 388 153 300 40 275 410 158 60 66 378

370109

 422 289 142 407 145 68 307 353 131 352 58 27 179 57 105 196 377 0 19 24 25 37 39 44 45 53 264 168 63 261 227 376 89
 312 41 308 23 71 200 450 285 128 370 268 278 337 130 136 257 299 313 330 339 345 349 371 325 11 125 127 465 444 454 34 234
 410 474 87 281 361 15 247 395 189 185 455 140 246 382 430 267
 38 9 385 433 219 80 364 183 283 439 302 169 190 362 380 383 388 394 398 406 409 413 416 419 434 414 152 304 317 12 221 163 309
 265 253 396 6 415 61 1 114 303 237 141 92 173 46 389
 112 10 35 318 468 458 350 332 320 461 14 338 300 18 356
 460 358 323 174 429 50 8 333 223 263 184 426 199 222 205 254 158
 470 209 208 405 390 95 201 297 393 328 344 477 54 375 440 314 22 111 446
 272 400 471 327 33 151 334 76 363 273 36 171 420 423 428 431 438 464 462 75 321 274 198
 77 319 449 418 30 324 443 116 88 453 456 404 188 342 367 139 144 148 206 210 250 472 262 135 315 211
 298 133 147 442 292 238 239 391 195 466 347 122 411 282 118 258 56 153 167 187 194 197 204 284 79 166 99 81 255 357
 115 399 124 348 224 162 186 137 109 138 447 386 305 301 66 86 93 94 121 126 202 248 74 161 82 217 463 47 176 52
 365 180 78 276 5 13 436 3 437 340 203 369 401 427 435 457 478 341 408 29 230 392 2 225
 231 83 226 432 207 4 425 373 316 55 256 155 459 31 245 467 59 275 322 351 220 218 311 240 65
 259 469 164 191 62 236 20 412 379 479 90 97 329 294 102 26 40 49 73 100 103 107 117 397 212 228 378 91 134
 193 306 178 354 252 17 233 149 72 343 326 232 243 421 229 70 154 216 235 242 260 266 270 271 286 288 48 157 165 96 424 346 143 366 213 293 335
 287 448 175 277 251 475 21 132 244 182 181 403 372 384 108 172 85 374 279 146
 42 32 476 69 16 214 355 129 84 119 241 177 451 417 98 123 7 101 291 295 296 360 159 170 381 104 120
 156 150 441 452 402 387 445 113 51 106 215 64 110 368 336
 359 43 28 331 249 269 67 280 192 160 60 310 290 473

369430

 134 149 288 344 296 201 51 328 57 179 106 463 345 213 206 31 459 237 208
 234 47 334 220 327 26 19 300 212 34 3 293 195 245 264 430 383 187 225 305 310 381 413 395 229 379
 8 360 417 355 331 388 412 348 189 458 4 380 223 35 6 449 434 239 90 10 42 50 95 119 124 129 130 131 115 55 387 166
 390 36 230 471 433 69 303 99 100 268 356 411 87 202 168 173 446 456 359 109 314
 164 419 89 137 246 333 170 361 126 39 374 406 96 142 313 224 410 15 157 161 171 194 211 226 219 263 135 122
 92 425 191 311 205 236 366 276 460 75 421 462 216 20 193
 450 255 437 41 169 308 474 265 418 312 203 443 254 33 70 442 105 136 145 175 218 231 235 240 253 257 261 271 286 295 335 440 151 454 125 453
 144 165 291 267 428 382 292 65 128 316 457 60 9 408 396 152 435 461 469 472 88 389 401 273
 177 283 282 80 451 340 155 7 108 221 148 111 127
 378 473 62 337 22 16 367 332 233 342 432 467 242 215 470 112 37 217 323 373 391 402 403 415 180 139 163
 198 67 343 204 114 477 270 118 353 117 1 370 68 43 375 422 174 199 12 27 29 30 40 64 71 82 91 93 94 138 24 325 63
 301 420 274 307 58 252 32 251 38 0 228 116 172 81 377 141 429 322 405 416 427 431 441 452 368
 398 445 85 227 447 394 349 358 83 196 478 393 468 243 414 186 338 244 362 279 281 297 330 347 350 363 407 120 479 17 238 448
 315 146 18 14 309 121 73 364 439 341 11 28 13 210 438
 318 404 86 299 78 392 48 336 159 298 66 158 197 74 110 45 214
 184 46 278 304 372 376 287 371 306 465 260 272 248 247 369 188 77 209 409 2 21 54 72 97 101 102 143 98 140 207 25
 319 466 84 321 167 5 53 352 294 107 241 61 329 385 103 351 346 444
 44 277 59 275 185 222 317 426 133 399 181 320 147 262 384
 76 153 259 104 183 182 190 256 269 354 249 232 324 52 200 386 23 123 160 266 280 285 289 162 339 192
 357 56 284 250 176 464 476 326 49 132 475 113 156 178 258 436 150 302 290 365 397 400 423 424 455 79 154

368512

 373 118 217 10 453 112 37 343 432 233 443 98 296 470 239 65
 378 125 223 356 4 326 240 82 347 124 404 231 258 250 353 83 194 285 288 291 305 422 216 16
 184 287 44 412 46 134 280 25 92 157 162 409 85 415 475 31 6 15 24 56 58 62 71 75 91 96 293 238 70 393 414 339 63
 178 158 306 460 197 341 396 316 126 464 333 408 189 416 344
 121 73 51 413 477 102 363 281 101 335 315 212 371 395 202 247 324 206 14 259 266 277 286 318 467 257 33 274 472
 151 203 401 397 152 89 209 164 329 424 340 434 57 454 294 78 201 2 21 138 0 19 29 30 34 38 40 43 53 104 207 253 407 77 235 355 47 295 289 234 323 345 196 213 252
 193 236 377 366 273 187 172 462 426 188 119 143 17 228 379 429 72 50 114 123 146 148 242 276 13 131 149 100
 218 220 179 28 357 334 221 26 263 237 272 141 439 55 173
 94 468 385 219 195 224 110 9 42 302 74 254 128 60 388 245 129 80 260 446 457 427 312 115 176 433 383
 350 69 67 459 300 130 384 256 325 35 471 428 268 278 455 3 330 210 232 244 191 136 48 1 222 214
 402 39 337 284 122 411 156 145 215 375 301 190 342 328
 52 370 93 41 466 425 160 364 368 346 361 270 275 310 461 249 261 290 352 367 380 421 309 438 394 168
 23 331 8 166 360 99 441 142 180 435 390 7 105 376 358 49 54 95 108 147 163 171 27 227 451
 267 165 386 139 175 440 144 382 303 359 262 87 265 299 59
 279 389 106 418 269 81 88 292 243 86 199 317 64 133
 479 349 229 5 182 351 211 321 431 84 200 154 230 205 167 399 436 246
 137 97 392 198 332 365 225 452 18 469 20 107 22 442 338 135 313 374 387 463 79 264 458 11 127
 311 405 45 322 465 159 298 208 308 474 255 251 456 204 354 153 403 307 320 391 419 420 437 185 174 449 423 406
 177 283 417 314 372 319 241 445 444 348 398 186 362 109 447 304 66 248 226 103 116 120 161 169 170 181 192 271 90 113 448 68 369 410 12
 478 297 32 450 150 381 336 183 140 76 132 36 473 400 61 117 155 282 111 476 430 327

374455

 81 133 71 346 439 222 418 461 352 275 5 118 276
 16 91 287 166 341 184 333 340 44 267 197 408 230 87 120 147 163 178 205 288 316 410 460 104 185 154 380 456 225
 244 126 134 208 406 328 322 158 306 458 194 88 336
 70 227 192 377 436 282 358 325 127 335 286 38 149 269 285 407 19 214 102 191 344 327 440 250 78
 251 403 112 100 35 428 173 305 61 303 239 356 150
 1 117 253 48 198 204 361 315 263 76 113 359 326 136 357 368 369 378 365 371 67 79 172 343 220 339 69 209
 215 213 475 337 249 370 160 201 146 465 186 272 179 425 292 11 429 362 295 131 139 183 216 221 242 238 442 434 138 467 196 175 474 157 151 414 153 65 311
 389 394 6 46 279 415 349 384 254 421 122 218 92 353 441
 420 301 448 307 45 93 264 105 252 463 55 334 290 351 58
 97 182 51 109 223 54 86 387 202 247 355 188 228 64 124 161 243 257 258 262 319 345 366 219 89 354 445 298 85 248 260 33 398 106
 473 476 22 284 338 320 156 237 28 374 396 427 455 217 392 454 60 137 21 265 193 283 56
 478 294 466 405 143 280 393 130 115 95 162 63 348 107 297 329 36 399 15 24 27 29 34 42 53 57 411 270 261 432 323 168 128 293 164 256 96 99 255 437 94 234 224 360 3
 116 471 52 30 241 342 443 121 413 148 372 383 400 402 409 422 423 426 98 181 450 449 108 401 363 141 132
 114 289 39 111 390 470 62 145 268 190 314 446 236 431 142 155 266
 451 74 32 388 416 453 110 386 302 187 281 296 310
 18 177 304 7 404 229 321 240 479 447 66 174 200 43 231 226 49 0 25 26 50 68 80 83 176 90 189 135 459 417 318
 207 40 144 82 385 379 381 8 4 140 376 125 119 12 308 152 246 235 313 331 412 195 77 330 347 312 17 101 430 271 73 364 84
 167 165 452 123 472 211 159 31 435 9 206 375 382 391 395 397 170 23 457 75 199
 169 14 259 59 203 273 129 324 433 444 373 350 232 277 291 300 317 367 278 210 299 212 469
 72 419 20 10 180 2 309 332 41 37 171 462 464 468 424 47 245 103 13 477 438 233 274

373844

 171 221 366 354 202 82 400 421 427 431 437 254 81 348 358 372 349 114 456 362 77 187 170 113 334 199 188
 324 194 263 76 312 407 93 255 320 41 148 169 474 380 473 0 122 1 33 45 379 412 26 179 90 70 52 16 152 442 363 449 332 183
 127 271 304 408 341 230 128 329 308 143 247 259 286 292 135 4 36 289 248 414 460 243 325 75 43 478 258 126 288 138 246 250 29 253 50
 12 377 273 208 462 181 110 59 160 167 173 429 55 455 146 11 405 466 192 185 175 14 163 365 261 432 107 256
 219 283 409 340 445 51 80 20 162 282 201 155 193 83 54
 17 347 398 233 217 395 123 394 423 18 336 306 352 342 164 369 39 257 399 65 237
 15 396 318 30 189 388 252 37 275 66 158 439 313 328
 385 361 137 450 245 47 144 386 285 311 326 330 61 309 9 99 392 168 433 42 463 364 268 200 374 249 425
 69 287 415 344 32 27 435 310 321 281 305 227 277 134 262 337 244 131 343 327 278 279
 296 23 172 459 331 368 86 22 441 404 21 214 78 303 108
 391 180 316 373 232 210 195 120 266 367 291 31 446 317 416 471
 351 225 264 58 19 63 381 290 355 353 64 67 74 105 88 7 387 79 191 198 106 145 48 56 154 176 260 236 84
 436 119 375 302 222 267 276 218 241 406 410 428 440 231 411 294 454 265 10 159 333
 444 284 209 62 211 100 103 470 378 72 314 101 356 190 476 418 475 112
 174 240 383 298 226 204 403 413 142 322 402 477 197 467 370 60 91 94 136 207 242 34 465 157 25 24 229 464 299 102 125 479 448 104 224 371 96 116 452 147 139 293 38 447 216 3 345 238
 469 382 182 269 97 46 451 44 205 280 438 87
 71 430 35 424 419 468 300 49 346 461 5 118 133 272
 357 338 178 206 117 307 109 251 457 420 274 121 301
 8 417 140 270 132 384 223 6 85 359 13 426 28 184 186 203 212 220 235 213 73 239 393 234 323 422 228 115 98 196 390 53 360 40 95 57 166 335 434 319 376 295
 443 453 215 149 297 92 129 315 141 161 401 350 472 2 89 124 150 153 156 339 165 68 151 111 130 389 177 458 397

381097

 13 2 334 11 172 148 28 283 55 26 54 29 21
 58 461 22 1 399 439 73 121 300 341 61 416
 400 45 430 273 35 141 69 151 451 49 462 374 291 267
 8 47 417 331 230 168 276 460 359 377 286 208 38 358 144 204 223 226 237 50 224 459 255 102 68 7 240 263 128 217 345 379 323
 277 247 146 335 34 205 6 202 187 396 174 112 10 385 295 23 53 82 96 111 127 136 138 125 166 384 293 225 140 186 107 25 14 426 413 346 163 271
 52 189 364 259 449 324 159 116 188 129 464 443 262 76 236 404 41 143 152 184 203 209 219 132 476 397 206 316 77 421 95 179 33 48 387 248 407 362 304
 415 60 344 162 402 349 183 321 42 336 31 173 310 282 395 351
 192 269 457 354 153 309 113 251 382 307 352 368 372 473 265 279 210 199 285
 110 176 63 158 197 181 84 365 422 150 196 347 92 466 9 353 131 142 235 245 288 370 145 229 126 329 232 299 122
 339 62 389 471 432 91 103 123 303 274 254 446 160 155
 445 171 386 75 108 423 221 342 0 124 46 44 326
 133 298 391 383 419 71 442 117 325 39 264 17 74 312 357 37 40 56 64 66 67 79 81 30 393 249 147 260 435
 327 212 24 458 218 18 414 135 272 333 270 19 301 308 313 220 211 322 252 280 86 403 450
 305 239 195 233 213 161 120 367 216 266 115 306 380 405 441 453 456 440 253 72 350 180 244
 437 78 16 278 475 3 470 275 256 292 207 425 234 340 406 412 427 431 444 448 474 294 408 381 369 363 101 241
 156 83 360 154 328 15 243 85 4 170 109 119 398 88 284 290 314 317 318 319 332 429 434 337 355 167 366 5 289 105 361 394 297
 59 257 87 281 149 433 114 388 378 36 190 12 348 376 411 428 436 465 467 390 65 32 98 268 468 100
 51 134 463 57 215 201 94 106 193 137 454 175 43 231 89 409 194 27 178 227 238 242 261 139 371 311 200 70 104 93 424 258 99 164 228 90 157
 118 343 222 452 330 169 472 185 356 302 375 320 418 338
 182 97 479 20 438 177 420 315 469 191 80 478 130 392 455 477 296 250 214 246 373 401 165 447 198 287 410

372491

 64 156 351 211 292 243 182 202 84 347 65 451 417 399 124 222 244 254 73 201 105 196 233 150
 255 82 403 132 251 456 181 172 379 383 348 419 15 93 164 31 66 95 121 94 4 421 42 449 101 322 37 226
 265 173 396 46 92 389 415 165 361 439 402 409 420 440 457 61 247 6 253 1 186 210
 176 110 28 195 154 22 56 357 209 119 193 237 336 338 352 363 364 387 407 476 299 367 239 63 113 284 434
 461 330 309 168 130 234 305 368 108 199 413 174 191 443 313 160 266 287 297 267 231 339 384 146 437
 192 185 208 263 477 371 328 408 214 405 5 273 327 346 341 39
 97 464 462 257 334 318 272 11 13 29 454 205 308 158
 55 23 410 87 429 401 212 47 75 386 45 157 99 362 463 122 177 179 218 220 227 235 249 288 71 250 447 238 271 302 19
 324 269 400 223 109 230 382 49 416 133 317 206 51 296
 48 134 468 350 458 246 18 10 300 356 35 215 149 14 428
 321 69 459 404 136 125 59 12 279 326 207 342 378 262 285 298 301 304 315 332 337 144 114 24 323 135 67 77 96 329 43 435 423 264
 204 331 344 474 424 310 274 112 303 86 290 453 32 353
 102 8 455 381 282 103 283 258 228 118 365 418 431 475 190 358 106 50 9 72 240 203
 40 375 27 115 314 2 78 436 90 70 343 278 427 171 446
 452 277 131 465 74 374 224 187 406 162 426 100 441 194 126 137 148 241
 473 117 359 325 471 280 281 370 412 142 44 289 62 450 478 479 320 470 472 469 422 349 25 259 38 291
 217 306 438 17 312 245 355 188 467 430 366 460 178 197 425 261 60 16 216 20 161 200 213 242 159 21 333 3 163 229 276 432
 275 256 189 354 252 33 388 140 232 107 153 392 80 76 295 180 0 30 34 36 53 54 57 138 376 393 127 414 183 311 319 293 335 433 345 248 286 52
 7 221 128 316 83 391 152 68 373 141 58 155 111 225 448 397 236 79 85 88 89 104 116 120 139 151 184 390 175 445 198 91 143 294
 129 170 377 81 395 442 444 166 123 98 307 26 169 167 41 260 340 369 372 385 394 398 270 360 147 466 411 219 380 145 268

372296

 138 78 57 283 294 6 258 187 381 21 228 2 209 353 376 32 0 4 37 40 60 67 406 340 89 226 54 392 42 314
 304 285 30 361 325 127 130 310 168 356 128 467 70 338 269 266 289 300 332 282 232 448 162 33 436 473
 186 475 396 62 312 178 229 159 208 27 259 65 233 455 457 470 369 217 400 399 273 476 336
 328 424 344 22 95 442 296 38 468 16 206 362 13 26 212
 461 309 330 199 458 389 265 92 219 451 165 135 223 79 397 25 29 50 64 91 116 125 151 242 235 339 292 414 355 111 253 56 88
 402 462 175 195 239 464 129 19 237 5 80 334 250 110 459
 359 349 263 87 58 322 45 94 449 142 447 182 59 174 191 227 236 246 410 337 164 257 307 157 122
 430 281 419 189 215 82 348 412 225 379 275 118 172 44
 163 445 46 346 93 96 179 10 224 245 61 20 433 460 47 180 183 193 203 210 291 261 425 214 216 194
 176 158 465 126 200 115 63 74 197 132 49 365 35 11 423 240 84 104 136 169 171 238 299 318 90 152 48 12 9 364 324 377 262 255 293 384 149 298
 260 308 221 55 213 443 350 418 370 422 373 98 75 323 211 385 453 431 205 113 23 313 378 254 141
 274 251 474 471 390 52 311 7 404 303 114 411 241 375 403 420 427 428 432 108 112 230 86 405
 435 53 383 145 329 150 302 446 454 351 247 441 267 97 72
 277 166 196 146 439 202 139 102 120 456 188 382 198 185 305 256 15 66 107 121 124 143 161 248 34 335 28 407 345 268 77 429 371 43 184 24 315 295 3 234 147
 17 14 415 287 83 271 387 218 220 148 101 372 352 374 395 398 413 416 264 477 444 479 204 192 438 363
 409 177 440 478 469 31 134 51 131 201 109 437 280 297 320 327 331 358 360 463 154 18 170 144 450 347 181
 333 81 8 222 391 278 39 71 244 137 317 85 133 426
 100 472 123 167 41 368 207 119 466 321 380 155 103 452 160
 270 421 388 76 156 386 36 276 316 341 408 306 367 190 272 342
 343 326 288 401 153 231 173 140 106 354 366 117 249 1 252 279 286 290 301 319 417 434 243 394 99 69 68 393 357 284 105 73

372294

 385 410 9 86 61 96 6 233 70 17 415 271 147 114 424 300 158 226 241 249 268 284 319 239 309 94 10 387 75 335
 403 28 419 223 82 248 240 22 346 53 295 425 179 206 118 306 310 368 18 48 350 93 348 353
 329 351 44 294 196 84 182 347 156 475 229 336 275 466 261 40 333 208 210 288 298 299 332 279 277 252 235 431 90
 459 217 302 282 462 375 222 193 189 150 320 436 276
 297 185 139 317 15 367 168 409 278 85 11 184 133 273 426 59
 99 364 12 460 163 396 199 27 296 416 173 359 290 267 195
 140 60 183 392 81 381 246 379 157 430 312 340 78 180 365 5 162 42 111 129 130 143 144 149 170 146 107 262 293 464
 213 55 384 399 254 65 160 98 123 442 422 465 159 115 26 215 101 119 174 177 186 194 286 109 33 219 187 474 136
 301 448 274 307 457 128 263 334 272 345 178 152 121 207 29 355 328 87 88 91 105 110 234 191 154 420 138 102 192
 305 135 7 165 414 83 221 148 283 280 80 155 108 451
 39 418 470 242 337 125 449 342 443 66 171 383 131 142 41 391 395 398 405 406 315 423 164 467 112
 51 256 124 79 67 214 270 343 172 354 231 32 204 1 251 49 244 4
 325 408 427 127 216 230 58 377 35 468 358 308 64 21 2
 20 103 476 228 326 134 92 113 46 237 31 100 372 400 421 441 478 253 388 322 339
 356 19 285 411 330 477 402 452 23 344 247 362 54 201 373 438 454 455 473 13 435 444 166 202
 318 453 314 472 456 255 450 227 281 458 352 404 338 14 167
 446 266 371 378 374 361 200 211 197 126 224 161 52 257 461 331 327 313 394 428 440 463 380 413 433 47 445 243
 291 141 95 393 265 389 69 439 447 198 209 97 390 137 205 429 269 218 321 341 357 369 370 106 407 68 289 89
 412 386 303 311 382 245 432 287 74 175 316 220 190 25 153 24 122 264 260 117 0 43 45 57 71 72 73 77 169 104 292 360 304 188 151 34 376 417 63 238
 259 176 469 132 349 225 203 250 212 236 397 479 232 324 363 56 16 401 50 120 76 181 471 8 30 36 37 62 323 116 366 434 38 258 145 3 437

374555

 171 221 366 354 202 82 400 421 427 431 437 254 81 348 358 372 349 114 456 362 77 187 170 113 334 199 188
 324 194 263 76 312 407 93 255 320 41 148 169 474 380 473 0 122 1 33 45 379 412 26 179 90 70 52 16 152 442 363 449 332 183
 127 271 304 408 341 230 128 329 308 143 247 259 286 292 135 4 36 289 248 414 460 243 325 75 43 478 258 126 288 138 246 250 29 253 50
 12 377 273 208 462 181 110 59 160 167 173 429 55 455 146 11 405 466 192 185 175 14 163 365 261 432 107 256
 219 283 409 340 445 51 80 20 162 282 201 155 193 83 54
 17 347 398 233 217 395 123 394 423 18 336 306 352 342 164 369 39 257 399 65 237
 15 396 318 30 189 388 252 37 275 66 158 439 313 328
 385 361 137 450 245 47 144 386 285 311 326 330 61 309 9 99 392 168 433 42 463 364 268 200 374 249 425
 69 287 415 344 32 27 435 310 321 281 305 227 277 134 262 337 244 131 343 327 278 279
 296 23 172 459 331 368 86 22 441 404 21 214 78 303 108
 391 180 316 373 232 210 195 120 266 367 291 31 446 317 416 471
 351 225 264 58 19 63 381 290 355 353 64 67 74 105 88 7 387 79 191 198 106 145 48 56 154 176 260 236 84
 436 119 375 302 222 267 276 218 241 406 410 428 440 231 411 294 454 265 10 159 333
 444 284 209 62 211 100 103 470 378 72 314 101 356 190 476 418 475 112
 174 240 383 298 226 204 403 413 142 322 402 477 197 467 370 60 91 94 136 207 242 34 465 157 25 24 229 464 299 102 125 479 448 104 224 371 96 116 452 147 139 293 38 447 216 3 345 238
 469 382 182 269 97 46 451 44 205 280 438 87
 71 430 35 424 419 468 300 49 346 461 5 118 133 272
 357 338 178 206 117 307 109 251 457 420 274 121 301
 8 417 140 270 132 384 223 6 85 359 13 426 28 184 186 203 212 220 235 213 73 239 393 234 323 422 228 115 98 196 390 53 360 40 95 57 166 335 434 319 376 295
 443 453 215 149 297 92 129 315 141 161 401 350 472 2 89 124 150 153 156 339 165 68 151 111 130 389 177 458 397

{{171, 221, 366, 354, 202, 82, 400, 421, 427, 431, 437, 254, 81, 348, 358, 372, 349, 114, 456, 362, 77, 187, 170, 113, 334, 199, 188}, {324, 194, 263, 76, 312, 407, 93, 255, 320, 41, 148, 169, 474, 380, 473, 0, 122, 1, 33, 45, 379, 412, 26, 179, 90, 70, 52, 16, 152, 442, 363, 449, 332, 183}, {127, 271, 304, 408, 341, 230, 128, 329, 308, 143, 247, 259, 286, 292, 135, 4, 36, 289, 248, 414, 460, 243, 325, 75, 43, 478, 258, 126, 288, 138, 246, 250, 29, 253, 50}, {12, 377, 273, 208, 462, 181, 110, 59, 160, 167, 173, 429, 55, 455, 146, 11, 405, 466, 192, 185, 175, 14, 163, 365, 261, 432, 107, 256}, {219, 283, 409, 340, 445, 51, 80, 20, 162, 282, 201, 155, 193, 83, 54}, {17, 347, 398, 233, 217, 395, 123, 394, 423, 18, 336, 306, 352, 342, 164, 369, 39, 257, 399, 65, 237}, {15, 396, 318, 30, 189, 388, 252, 37, 275, 66, 158, 439, 313, 328}, {385, 361, 137, 450, 245, 47, 144, 386, 285, 311, 326, 330, 61, 309, 9, 99, 392, 168, 433, 42, 463, 364, 268, 200, 374, 249, 425}, {69, 287, 415, 344, 32, 27, 435, 310, 321, 281, 305, 227, 277, 134, 262, 337, 244, 131, 343, 327, 278, 279}, {296, 23, 172, 459, 331, 368, 86, 22, 441, 404, 21, 214, 78, 303, 108}, {391, 180, 316, 373, 232, 210, 195, 120, 266, 367, 291, 31, 446, 317, 416, 471}, {351, 225, 264, 58, 19, 63, 381, 290, 355, 353, 64, 67, 74, 105, 88, 7, 387, 79, 191, 198, 106, 145, 48, 56, 154, 176, 260, 236, 84}, {436, 119, 375, 302, 222, 267, 276, 218, 241, 406, 410, 428, 440, 231, 411, 294, 454, 265, 10, 159, 333}, {444, 284, 209, 62, 211, 100, 103, 470, 378, 72, 314, 101, 356, 190, 476, 418, 475, 112}, {174, 240, 383, 298, 226, 204, 403, 413, 142, 322, 402, 477, 197, 467, 370, 60, 91, 94, 136, 207, 242, 34, 465, 157, 25, 24, 229, 464, 299, 102, 125, 479, 448, 104, 224, 371, 96, 116, 452, 147, 139, 293, 38, 447, 216, 3, 345, 238}, {469, 382, 182, 269, 97, 46, 451, 44, 205, 280, 438, 87}, {71, 430, 35, 424, 419, 468, 300, 49, 346, 461, 5, 118, 133, 272}, {357, 338, 178, 206, 117, 307, 109, 251, 457, 420, 274, 121, 301}, {8, 417, 140, 270, 132, 384, 223, 6, 85, 359, 13, 426, 28, 184, 186, 203, 212, 220, 235, 213, 73, 239, 393, 234, 323, 422, 228, 115, 98, 196, 390, 53, 360, 40, 95, 57, 166, 335, 434, 319, 376, 295}, {443, 453, 215, 149, 297, 92, 129, 315, 141, 161, 401, 350, 472, 2, 89, 124, 150, 153, 156, 339, 165, 68, 151, 111, 130, 389, 177, 458, 397}}
381097 372908
Process returned 0 (0x0)   execution time : 611.303 s
Press any key to continue.
