instancias-Grupos/TipoC/DCC136-480_03.txt

 356 285 22 379 80 126 478 418 147 136 424 257
 96 366 219 179 373 312 281 225 17 2 197 224 237 252 256 125 187 14 339 154 314 364 393 73 42
 456 192 1 11 13 284 161 476 124 326 344 354 369 383 402 279 209 215 66 404 465
 342 303 438 150 277 100 466 221 140 408 182 249
 400 122 123 202 315 382 380 272 261 264 30 454 3 33 54 55 48 60 35 447 267 152 247
 240 181 313 63 155 473 340 119 310 165 452 223 470 316 45 396 290 311 318 338 343 177 413 93 409 363 217 336
 251 436 248 430 334 210 141 390 212 163 106 475 348 70 88 108 118 183 283 131 133 175 50 199 455 416 94 194 250 193 441 77 392 429 168 243 295 76 98 307 293 445 259
 18 107 440 462 134 159 353 360 324 169 174 130 52 351
 357 103 75 320 333 38 299 203 319 347 206 220 258 273 300 362 167 29 84 79 268 449 245 370
 275 321 375 214 16 207 394 260 196 459 71 269 372 437
 72 341 127 317 121 294 244 280 323 444 296 24 153 142 53 81 82 85 111 410 101 309 115 143 469 460 350 34 44 276 40 151 435 27 297
 477 420 15 337 301 145 184 391 156 188 227 263 148 32 331 51 5 6 7 9 20 25 39 41 102 453 59 190 49 28 397 286 21 189 291 345 12 468 64 433 129 239
 201 67 479 222 78 419 61 467 172 19 200 458 241
 246 302 236 180 305 412 235 144 191 128 4 204 43 62 87 116 135 8 65 74 346 365 359 36 406 89
 414 178 31 377 282 271 451 298 308 171 218 278 304 328 164 69 114 415 330 325 90 176 97 173 253 95
 146 254 216 113 322 384 352 425 158 448 401 358 292 381 329 385 166 265 371 23 332 463 162 195 431 110 186 287 427 428 395
 411 57 105 160 450 288 112 443 104 398 157 132 472 361 386 387 389 399 26 367 37 58 368 355 229 376 471 255 198
 99 211 262 137 289 378 270 138 231 0 170 335 417 423 432 442 464 228 407 421 234 461 46 139 439
 374 457 205 274 232 422 405 434 83 91 68 10 47 238 208
 92 109 474 349 213 117 233 306 149 388 403 185 86 226 230 242 120 56 266 327 426 446

375021

 434 253 16 329 13 459 196 343 181 203 166 14 209
 462 432 453 238 232 285 167 473 321 306 284 322 334 39 398 70 45 46 55 218 94 152 170 314 439 217
 386 246 359 27 451 365 390 231 416 97 74 3 234 248 273 396 293 145 384 250 267 98 213 478 259 295
 447 429 239 379 131 183 25 63 263 316 197 10 143 340 128 132 149 186 410 400 393 274 193 87 436 377 215 77 126 210 111 21 18
 301 179 373 95 42 249 153 418 405 67 290 262 303 38
 169 289 313 409 114 72 202 198 338 182 367 476 258 299 315 326 337 2 327 272 360 247 122 382 164 86
 81 221 277 191 26 151 175 187 113 457 310 5 147 211 222 226 366 385 150 381 437 280 22 375 229 190
 281 99 11 466 34 200 383 237 157 31 83 242 71
 133 283 136 33 312 29 300 12 78 276 438 288 344 4 85 107 165 171 195 89 307 156 331 189 355 397 199 265 470 449 395 440 252 348 162 352 254 82
 391 41 49 353 257 129 240 224 228 116 80 308 354 454 104
 339 264 146 158 88 463 371 52 61 349 388 401 415 442 346 205 225 317 173 66 420 356
 378 220 102 73 428 363 351 458 323 361 90 36 59 414 101 7 40 50 68 115 194 345 188 431 474 341 279 109 58 275 44 435 452
 477 394 134 270 292 9 421 155 455 84 245 214 271 278 294 296 304 178 76 142 207 261 448 103 407 92 123 282 75 51 291
 425 141 369 43 177 350 112 139 441 468 320 268 433 185 32 159 216 286 469 124 69 374 219 53 333 144 138 413 426 370 174 184 444 328
 65 137 8 227 192 417 62 471 236 411 305 204 208 260
 20 28 241 163 106 335 100 404 121 120 251 19 24 48 54 64 243 223 479 311 201 93 15 168 332 376 235 445 399 212
 266 125 0 298 256 446 233 372 330 408 154 60 206 56
 422 160 302 37 389 244 23 96 30 319 419 105 110 172 358 387 392 402 412 430 47 465 269 406 148 127 427
 140 135 180 297 108 403 176 336 325 309 342 475 6 161 347 17 472 79 464 230
 443 423 364 287 119 357 1 57 91 467 117 324 130 318 362 424 450 456 461 380 118 368 460 35 255

371790

 306 362 386 214 360 239 210 205 35 24 371 436 56 143 110 331 18 22 27 31 36 41 47 59 118 387 193 30 450 432 314
 44 275 140 327 426 374 400 410 471 106 219 381 414 120 179 221 262 277 281 337 274 37 19 317 229
 403 373 28 312 180 361 187 372 42 422 231 153 344 185 298 359 447 452 389 220 305 116
 369 425 136 433 293 468 218 49 141 320 308 310 451 467 476 290 33 169 340 356 80 437
 296 253 23 238 284 316 154 444 63 420 138 321 197
 303 131 163 183 313 416 4 418 181 384 355 124 192 191 352 7 147 150 152 159 160 165 427 89 241
 148 96 295 73 346 441 50 15 65 273 10 339 126 217 363 48
 463 1 178 261 350 177 417 155 455 477 380 202 224 456 251 409 388 129 45 21 61 64 70 79 82 115 39 14 287 435 449 75 430 122 97 440 283 76 429 90 244 445
 270 32 8 133 164 107 252 66 475 258 95 161 478
 57 411 438 94 128 119 257 68 335 111 250 189 280 85 424 264 349 396 402 406 412 26 171 421 245 77
 474 16 182 271 167 166 3 72 145 201 228 324 326 342 343 376 184 52 123 196
 190 12 276 93 203 453 364 285 357 379 325 354 209 260
 334 315 304 243 307 365 40 322 127 300 333 279 448 473 289 242 299 301 330 336 341 393 55 439 395 413 469 375 254 390 240 338 194 99
 268 58 454 104 105 267 174 216 226 134 92 288 269 446 43 144 100 83 87 98 101 112 121 146 212 109 151 348 69 370 62
 132 125 20 419 103 17 91 206 255 247 230 135 6 472 434 405 200
 113 319 246 302 428 459 222 458 74 84 351 479 157 78
 13 158 404 442 195 232 108 53 377 407 117 11 391 399 358 368 383 34 130 168 175 186 215 297 248 225 398 173 457 465 199 9
 332 259 401 211 223 137 323 366 382 142 236 170 54 81 423 0 208 227 234 235 263 292 397 318 256 29 51 294 353
 213 162 408 25 88 392 204 345 378 367 139 172 188 102 291 149 265 266 272 278 282 309 328 460 114 207 237 415 286 67 311
 176 233 470 60 198 46 347 2 329 86 249 385 431 443 461 462 464 466 394 71 38 5 156

368443

 224 229 92 203 119 202 358 411 236 287 323 86 343 395 142 367 181 380 149 333 393 345 164 448 51
 312 153 478 24 313 384 359 331 263 472 131 260 231 297 350 429 269 444 289 431 27 465 148 362 214 318 29
 398 462 399 45 467 56 364 420 423 445 470 57 12 321 293 125 218 67 437 322 383 37 324 34
 234 317 273 430 212 458 251 354 175 208 151 178 205 385 174 353 35 401 392 139 213 243 334 319 248 91
 418 4 9 241 378 245 95 85 165 190 328 72 368 221 74 1 417 211 93 220 53 7 84 19 62
 370 32 17 249 285 326 258 228 270 197 130 262
 5 365 332 279 152 299 230 387 222 127 246 166 134 325
 120 209 422 278 199 459 403 100 157 349 405 389 344
 43 464 369 110 471 446 443 375 303 104 161 169 185 117 135 340 159 474 376 282 268 226
 360 18 150 295 132 232 38 71 419 434 461 291 87 266 309 336 280 215 124 44 206 366
 141 455 252 306 265 267 76 363 477 381 337 259 173 138 15 31 75 107 456 105 441 386 479 2 425 98 23 155 179 188 162 163 133 453 327 129 330 460 473
 200 451 388 452 171 409 476 13 254 176 233 253 275 94 20 235 52 140 428 8 391
 183 88 320 400 356 256 46 311 314 264 338 346 390 402 439 0 276 79 261 413 147 225 40 97 412 204 406 50 315 432
 305 410 377 58 447 184 316 194 396 136 435 10 63 65 68 69 77 81 96 156 288 106 348 109 426 114 244 25 440 168 191 341 255 207 304 39 49 103 82 177 427 64 180 415 28 382 118 239 195 144 219 469
 442 271 158 146 250 102 22 272 284 59 424 112 281 286 290 294 111 371 307 274 16 186 210 201 373 300 414 283 361 240 21 449 89 292 90
 339 457 227 416 47 99 42 475 83 66 374 310 394 347 216 172 257 352
 36 404 61 41 170 466 454 145 238 123 3 182 14 54
 468 11 242 108 342 407 33 329 308 351 196 298 80
 277 379 237 301 421 247 30 128 335 60 116 121 122 126 137 189 433 302 143 397 115 450 296 113 436 26 355 192 198 193 217 70
 48 73 223 187 463 6 167 160 154 78 438 55 372 101 357 408

375470

 356 197 276 117 420 278 257 458 246 208 290 38 325
 67 310 477 457 414 178 202 380 350 372 374 375 172 177 119 91 409 227 393 465 360 466 72 78
 222 111 279 228 193 313 93 299 101 479 181 41 53 61 86 89 163 439 191 62 128 85 266 446 107 120 371 379
 400 122 48 30 180 382 199 366 73 50 54 220 210 46 125 132 467 123 267 214 135 373 423 179 306 476 401
 215 216 196 150 8 475 468 187 143 258 320 151 161 308 57 51 342 88 438 437
 10 295 377 415 206 71 399 34 309 87 171 148 426 430 434 443 450 69 219 56 209 312 428 12 318 232 326
 32 385 176 444 427 288 392 355 432 116 328 370 462 58 248 22 37 40 70 80 82 115 251 168 184 470 198 341 259 412 449 129 286 435 76 201 175 39 274 406 247 114 300 43 23
 244 405 18 236 298 403 343 323 344 230 2 238
 249 285 381 98 192 102 94 49 140 353 354 383 456 218 284 190 451 369 63 321 95
 270 282 433 260 65 472 186 324 134 384 478 365 136 225 9 297 293 110 27 75 138 137 174 253 81 376
 255 55 315 352 26 351 127 271 305 329 160 281 99 221 339 394 422 448 416 47 264
 363 338 223 165 452 272 442 340 242 121 104 307 391 408 419 421 390 378 396 96 445 105 254 21 157 296 473 413 155 314 90
 97 410 59 24 336 153 44 291 364 359 29 109 331 170 133 103 156 162 164 173 189 194 195 211 327 431 429 1 425 316 469 79 256 224 240 398 183 250 440 25 357 292 263
 113 204 277 322 144 100 203 261 454 303 471 92 106 42 141
 455 294 112 226 66 234 139 213 275 334 166 367 335 13
 388 243 84 33 346 283 317 15 52 154 17 169 182 146 235 68
 239 447 212 386 337 453 460 35 302 404 241 36 268 319 0 5 6 7 16 19 20 108 348 229 333 188 207 301 368 142 64 304 265 345 463 28 158 118 395
 262 361 77 74 217 417 4 200 362 45 130 464 31 402
 149 441 185 424 14 3 397 124 167 280 237 461 11 311 152 474 407 459 131 389 436 287 358 273
 231 411 349 418 147 289 269 60 347 145 332 387 252 83 205 159 330 233 245 126

375394

 437 369 471 117 317 199 39 173 299 41 48 399 89 414 179 133 238 3 118 120 122 130 131 148 183 186 8 36 328
 296 321 253 138 320 23 79 389 208 256 75 259 197 286 264 339 403 362 154
 310 443 401 93 420 302 380 126 477 143 322 76 261 84 121 10 346 359 406 407 412 421 423 432 433 440 467 382
 413 166 336 109 123 244 116 306 315 376 1 350 357 57 372 178 176 224 294 330 373 383 392 468 391 444
 218 324 37 462 341 104 94 232 442 127 128 192 69 377 456 177 231 167 338 342 353 354 379 386 404 44 298
 111 24 227 303 452 106 313 209 459 384 172 323 221 68
 265 153 223 28 235 9 318 241 171 427 418 228 312 12 397 297 191 365 285 234 5 25 31 35 40 46 50 52 115 273 97 436 180
 211 18 476 22 70 132 419 99 135 405 91 422 388 139 83
 307 378 220 102 170 73 458 368 351 29 429 430 59 428 326 395 364 103 371 78 30 110 136 146 162 168 300 453 470
 335 205 147 129 2 334 213 189 385 435 251 237 281 114 51 214 284 159 262 304 333 349 360 415 472 463
 61 101 236 144 87 14 309 295 402 325 230 249 134
 473 366 26 416 11 86 198 457 327 394 400 348 119 38 47 240 291 217 257 269 272 277 279 280 301 267 396
 112 33 174 268 105 156 98 184 455 187 124 337 175 77 66 447 190 434 212 340 163 375 34 45 49 53 55 58 63 82 88 113 469 255 20
 466 331 155 450 152 408 200 160 358 424 441 149 207 431 448 188 409 276 193 125 165 169 182 185 195 202 361
 216 425 363 352 96 311 16 278 158 393 370 108 19 140 6 196
 67 479 201 222 464 27 410 288 355 81 260 21 233 150 4 356 344 100 204 226 229 239 242 243 254 316 381 142 43 263
 65 215 293 74 390 145 151 62 398 225 478 411 60 161 270 439 137 258 417 438 454 460 461 465 426
 219 92 387 367 245 271 292 71 206 252 449 164 203 329 347
 64 445 157 13 282 141 266 17 0 90 446 345 54 56 246 451 475 80 7 305
 181 194 15 42 374 314 210 283 95 250 275 343 248 287 85 72 107 32 247 274 289 290 308 319 332 474

367719

 98 156 354 49 462 2 181 188 218 475 203 468 352 86 146 165 126 456 192 72 37 325 186 236 180 190
 214 92 128 143 77 339 179 297 147 193 279 418 388 132 170 269 295 302 306 322 46 415 455 141 431 345 117 234 259 12 133
 252 207 294 444 57 1 437 331 359 124 177 298 24 343 364 376 404 276 149 347 450 80 337 454
 154 63 223 104 142 28 178 256 153 197 438 320 272 311 370 321 51 268 163 278 284 460 60 372
 261 239 405 229 459 310 375 443 360 18 42 362 235 138
 464 253 16 392 93 53 451 467 196 238 3 329 434 6
 222 414 477 381 400 219 83 11 341 380 19 56 221 225 249 264 324 33 457 335 275 251
 9 75 216 446 266 65 17 270 119 258 164 412 74 232 267 273 290 293 422 416 365 242 315 428 215
 96 334 248 140 466 134 327 213 10 123 5 48 408
 271 424 307 442 291 127 44 120 35 58 386 398 305 356 389 391 452 300 227 396 318 371 157 401 374 280 473
 198 59 94 70 135 107 95 419 336 440 411 351 301 402 130 61 118 139 161 373 87 22 79 206 226 465 244
 458 173 250 231 478 246 0 88 461 233 220 66 176 420
 187 151 332 116 89 166 81 299 208 8 211 217 357 367 285 90 50 52 363 13
 121 32 323 228 313 114 346 409 382 172 155 62 84 168 445 449 145 474 103 4 14 27 34 39 76 406 338 91 191 288 25 378 263 21 427 255 282 108 470 162 240 144 348 194
 100 472 265 241 171 283 247 136 308 394 479 471 99 281 330 317 125 448 31 369 158 71
 399 257 379 102 407 150 36 277 43 368 429 152 131 385 199 355 303 421 432 439 447 312 433 175 413 69 137 237 350 26 342 453 430
 426 390 387 148 349 68 38 384 159 289 344 185 319 209
 82 262 340 292 309 112 122 423 361 30 417 243 403 109 366 328 54 7 40 41 45 47 115 436 23 425 395 210 15 64 304 106 296 353 224 212
 101 201 393 476 254 78 333 67 441 260 383 169 85 200 230
 73 55 97 326 160 287 314 113 29 245 435 274 105 110 202 129 167 174 182 189 195 204 205 286 316 184 410 463 358 183 397 20 377 469 111

371650

 328 373 370 1 23 125 296 199 288 89 279 29 54 449 109 166 179 12 133 287 476 3 4 14 22 24 27 30 31 82 95 36
 260 117 317 471 39 299 379 118 173 52 208 409 80 468 294 61 298 314 422 446 455 456 465 224 165
 418 92 128 452 424 285 212 333 7 67 241 427 174 121 102 84 401 93 349 356 358 378 400 404 42 362
 458 450 74 227 426 65 278 218 324 322 293 50 134 321
 126 273 295 13 435 100 387 48 70 20 393 410 376 213 283 106 454 135 269 369 391 413 211 354
 372 63 223 104 142 28 178 350 187 160 256 463 167 261 382 60 154
 451 144 374 141 363 259 245 76 120 274 414 306 220 444 247 136 66 107 111 124 130 131 132 139 337 53
 145 38 156 147 236 473 257 352 181 250 264 290 340 344
 9 325 316 217 45 168 108 282 402 430 216 416 198 335 72 272 371 445 202 338 90 143 197 201 205 206 214 239 155 254 470
 342 115 297 428 303 438 392 150 408 431 429 193 78 277 221 443 472 146
 249 177 368 383 34 99 77 460 71 309 399 281 190 207 94 360 225 304 308 351 394 462 159
 91 459 469 434 47 384 16 51 246 192 326 59 420 417 97 440 403 341 210 127 172 226 270 275 300 448
 196 8 346 359 204 88 163 56 116 35 425 375 310 464
 447 110 453 25 395 138 457 268 203 475 230 96 73 219 33 364 329 58 380 345 366 367 405 407 441 311 271
 355 222 232 41 357 123 10 466 244 164 302 307 361 347 251 477 21 233 386 101 140 148 157 161 162 180 183 186 194 64 411 348
 119 122 200 467 114 188 44 189 323 26 68 305 398 396 291 158 238 240 442 478 479 11 339 6 332
 152 43 289 365 85 0 113 55 406 412 229 40 5 182 330 191 385 248 235 112 313 315 319 320 334 439 421
 397 461 151 436 280 185 234 336 215 253 331 389 98 153 474 175 184 228 327 292 423 37 46 57 75 79 83 86 87 105 390 15 432
 149 2 318 353 17 103 381 242 419 170 266 263 171 237 252 388
 377 69 176 62 301 433 284 137 32 19 437 129 81 255 18 343 169 49 195 209 231 258 262 265 267 276 286 312 243 415

370260

 60 372 382 289 474 400 164 90 202 86 176 347 210 69 268 475 172 361 402 404 406 408 415 417 427 455 449 198
 178 477 472 242 134 270 263 414 154 391 251 339 148 390 212 186 30 419 439 451 461 56 394 61
 158 13 230 166 253 53 16 254 329 275 448 20 392 358 343 322 346 356 368 383 387 397 433 431
 456 34 22 360 95 192 190 94 213 244 106 285 126 478 136
 298 218 324 37 462 321 320 28 104 114 231 399 201 160 450 353 169
 297 75 264 290 286 102 153 174 364 216 452 108 63 205 119 276 219 88 296 299 308 325 341 425 199 257
 5 237 200 256 1 21 330 175 179 344 260 99 421 74 319 281
 363 338 223 165 413 340 155 188 246 161 229 306 371 181 379 32 145 258 386 442 473 147 140 323 156 441
 50 309 337 332 87 142 381 316 395 103 469 38 78 436 437 187 162 51 47 33 303 2 31 45 46 58 64 70 97 398 250 432 294 460 168 193
 115 476 428 446 304 124 194 3 225 438 4 141 128 195 369 440 150 23 177 288 233 7 8 12 15 18 27 29 41 49 76 416
 447 429 239 410 55 120 123 48 280 247 35 261 311 11 42 228 26 407 220 222 248 271 272 284
 217 348 423 19 373 163 133 101 151 6 355 208 401 131 366 471 241 317 327 342 362 370 375 173 385
 36 277 118 129 82 209 54 302 453 430 107 283 39 143 396 310 252 388 380 443 67 79 96 105 110 112 157 159 189 191 292 328
 265 405 184 100 435 214 274 393 412 10 255 295 411 73 312 83 334 180 171 215 221 227 235 238 377 267
 14 80 468 203 224 367 92 43 403 149 409 434 52 470 266 206
 249 352 444 138 207 445 259 350 44 24 121 25 72 130 197 418 422 459 17
 93 333 464 132 262 378 240 245 0 62 139 226 305 291 170 111 349 211 269 278 287 293 301 313 315 345 479 279
 65 426 376 273 424 57 117 300 77 89 125 98 91 137 232 314 40 185 458 68 84 85 113 127 135 183 307 81 282
 384 234 243 351 318 146 71 365 466 331 326 9 357 59 336 116 463 420 109 152 167 182 196
 236 66 359 454 122 467 144 374 354 204 389 465 457 335

366876

 280 441 117 127 334 208 299 398 291 44 189 53 385 317 41 253 72 179 448 369 108 14 158 275 281
 225 467 166 217 54 52 147 236 394 61 2 339
 238 305 316 298 39 361 194 393 200 94 176 230 220 474 431 178 396 75 266 119 336 373 372 106 100 454
 395 131 249 412 447 460 461 392 362 443 151 177 29 313 318 365 3 40 374 295 86 310 406 7
 271 383 18 167 123 387 309 71 63 157 67 242
 284 323 26 410 324 205 319 360 172 0 344 475 85 472 33 364 233 161 325
 24 293 138 142 267 137 444 223 337 274 282 342 382 386 58 191 425 302 36 306 114 214 415 469 263 397 301 463 207 82 348 449 115 250 446 345 433 283 240 43 286 183 188 435 341 103 440 129 77 199 265 436 102 198
 134 9 235 277 5 204 241 352 401 464 400 428 357 88 150 65 227 457 478
 347 326 366 465 78 343 216 379 329 257 354 13 340 187
 432 193 228 153 163 375 12 260 470 328 91 458 247 101 111 155 224 97 69 133 125 46 93 471 28 421 180 409 390 312 276 23 239 212 175 259 15 439 320 215 122
 307 90 130 384 226 164 303 418 146 17 459 116 402
 363 37 143 452 356 181 300 165 196 210 231 380 442 246 195 174 272 229 378 264 38 335 416 462 35
 294 304 21 251 330 55 120 414 252 420 42 47 59 66 68 76 160 144 338 288 355 121 429 25 186 64 148 445 359 243 473 353 314 219 79 315 255
 455 213 105 80 222 269 437 389 411 422 438 426 4 450 1 45 30 244 417 57 413 209 427 350 234 113 430
 112 268 152 159 84 477 308 331 376 19 87 89 162 27 109 349 332 184 476 128 173 168 156 377 232 99 22 468 254 110 466 171 292 81 453
 124 34 98 423 285 11 218 49 358 170 190 201 407 31 145 456 279 118 322 434 368 192 311 404 405 50
 370 197 182 367 278 32 258 95 185 132 221 6 270
 289 202 245 297 169 51 391 403 8 56 262 290 126 321 203 424 371 48 73
 70 206 135 261 399 20 479 381 388 107 351 333 92 96 273 346 419 451 237 62 296 256 139 154 287 211 16
 327 136 83 104 74 149 248 140 60 10 408 141

377521

 280 441 117 127 334 208 299 398 291 44 189 53 385 317 41 253 72 179 448 369 108 14 158 275 281
 225 467 166 217 54 52 147 236 394 61 2 339
 238 305 316 298 39 361 194 393 200 94 176 230 220 474 431 178 396 75 266 119 336 373 372 106 100 454
 395 131 249 412 447 460 461 392 362 443 151 177 29 313 318 365 3 40 374 295 86 310 406 7
 271 383 18 167 123 387 309 71 63 157 67 242
 284 323 26 410 324 205 319 360 172 0 344 475 85 472 33 364 233 161 325
 24 293 138 142 267 137 444 223 337 274 282 342 382 386 58 191 425 302 36 306 114 214 415 469 263 397 301 463 207 82 348 449 115 250 446 345 433 283 240 43 286 183 188 435 341 103 440 129 77 199 265 436 102 198
 134 9 235 277 5 204 241 352 401 464 400 428 357 88 150 65 227 457 478
 347 326 366 465 78 343 216 379 329 257 354 13 340 187
 432 193 228 153 163 375 12 260 470 328 91 458 247 101 111 155 224 97 69 133 125 46 93 471 28 421 180 409 390 312 276 23 239 212 175 259 15 439 320 215 122
 307 90 130 384 226 164 303 418 146 17 459 116 402
 363 37 143 452 356 181 300 165 196 210 231 380 442 246 195 174 272 229 378 264 38 335 416 462 35
 294 304 21 251 330 55 120 414 252 420 42 47 59 66 68 76 160 144 338 288 355 121 429 25 186 64 148 445 359 243 473 353 314 219 79 315 255
 455 213 105 80 222 269 437 389 411 422 438 426 4 450 1 45 30 244 417 57 413 209 427 350 234 113 430
 112 268 152 159 84 477 308 331 376 19 87 89 162 27 109 349 332 184 476 128 173 168 156 377 232 99 22 468 254 110 466 171 292 81 453
 124 34 98 423 285 11 218 49 358 170 190 201 407 31 145 456 279 118 322 434 368 192 311 404 405 50
 370 197 182 367 278 32 258 95 185 132 221 6 270
 289 202 245 297 169 51 391 403 8 56 262 290 126 321 203 424 371 48 73
 70 206 135 261 399 20 479 381 388 107 351 333 92 96 273 346 419 451 237 62 296 256 139 154 287 211 16
 327 136 83 104 74 149 248 140 60 10 408 141

{{280, 441, 117, 127, 334, 208, 299, 398, 291, 44, 189, 53, 385, 317, 41, 253, 72, 179, 448, 369, 108, 14, 158, 275, 281}, {225, 467, 166, 217, 54, 52, 147, 236, 394, 61, 2, 339}, {238, 305, 316, 298, 39, 361, 194, 393, 200, 94, 176, 230, 220, 474, 431, 178, 396, 75, 266, 119, 336, 373, 372, 106, 100, 454}, {395, 131, 249, 412, 447, 460, 461, 392, 362, 443, 151, 177, 29, 313, 318, 365, 3, 40, 374, 295, 86, 310, 406, 7}, {271, 383, 18, 167, 123, 387, 309, 71, 63, 157, 67, 242}, {284, 323, 26, 410, 324, 205, 319, 360, 172, 0, 344, 475, 85, 472, 33, 364, 233, 161, 325}, {24, 293, 138, 142, 267, 137, 444, 223, 337, 274, 282, 342, 382, 386, 58, 191, 425, 302, 36, 306, 114, 214, 415, 469, 263, 397, 301, 463, 207, 82, 348, 449, 115, 250, 446, 345, 433, 283, 240, 43, 286, 183, 188, 435, 341, 103, 440, 129, 77, 199, 265, 436, 102, 198}, {134, 9, 235, 277, 5, 204, 241, 352, 401, 464, 400, 428, 357, 88, 150, 65, 227, 457, 478}, {347, 326, 366, 465, 78, 343, 216, 379, 329, 257, 354, 13, 340, 187}, {432, 193, 228, 153, 163, 375, 12, 260, 470, 328, 91, 458, 247, 101, 111, 155, 224, 97, 69, 133, 125, 46, 93, 471, 28, 421, 180, 409, 390, 312, 276, 23, 239, 212, 175, 259, 15, 439, 320, 215, 122}, {307, 90, 130, 384, 226, 164, 303, 418, 146, 17, 459, 116, 402}, {363, 37, 143, 452, 356, 181, 300, 165, 196, 210, 231, 380, 442, 246, 195, 174, 272, 229, 378, 264, 38, 335, 416, 462, 35}, {294, 304, 21, 251, 330, 55, 120, 414, 252, 420, 42, 47, 59, 66, 68, 76, 160, 144, 338, 288, 355, 121, 429, 25, 186, 64, 148, 445, 359, 243, 473, 353, 314, 219, 79, 315, 255}, {455, 213, 105, 80, 222, 269, 437, 389, 411, 422, 438, 426, 4, 450, 1, 45, 30, 244, 417, 57, 413, 209, 427, 350, 234, 113, 430}, {112, 268, 152, 159, 84, 477, 308, 331, 376, 19, 87, 89, 162, 27, 109, 349, 332, 184, 476, 128, 173, 168, 156, 377, 232, 99, 22, 468, 254, 110, 466, 171, 292, 81, 453}, {124, 34, 98, 423, 285, 11, 218, 49, 358, 170, 190, 201, 407, 31, 145, 456, 279, 118, 322, 434, 368, 192, 311, 404, 405, 50}, {370, 197, 182, 367, 278, 32, 258, 95, 185, 132, 221, 6, 270}, {289, 202, 245, 297, 169, 51, 391, 403, 8, 56, 262, 290, 126, 321, 203, 424, 371, 48, 73}, {70, 206, 135, 261, 399, 20, 479, 381, 388, 107, 351, 333, 92, 96, 273, 346, 419, 451, 237, 62, 296, 256, 139, 154, 287, 211, 16}, {327, 136, 83, 104, 74, 149, 248, 140, 60, 10, 408, 141}}
377521 372014
Process returned 0 (0x0)   execution time : 611.236 s
Press any key to continue.
