instancias-Grupos/TipoC/DCC136-480_04.txt

 210 321 225 136 38 315 182 241 189 10 125 408 138 238 89 409 476 335 140 35 36 82 104 111 150 196 362 364 266 360
 323 267 287 350 268 377 147 441 282 405 156 21 65 223 289
 6 45 453 70 247 68 185 473 455 157 378 277 167 466 198 145 330 214 270 292 295 299 308 312 324 307 461 120 176
 275 209 86 132 421 426 164 263 258 347 30 398 109 4 380 328 457 410 56 320 134 40 304
 327 152 129 8 257 151 385 208 255 144 250 433 301 139 415 388 31 357 7 23 26 93 181 184 187 215 445 465
 143 183 78 269 353 251 313 146 2 337 222 121 199 14 424 359 406
 193 305 211 352 174 166 477 280 331 438 137 414 474 431 423
 46 9 310 141 205 436 469 161 478 240 54 346 375 349 361 216 55 226 73 74 81 168 195 217 220 427 316 374
 44 69 64 404 221 422 279 242 153 395 322 194 411 460 285 60 234 291 296 317 319 366 107 66
 345 288 13 303 440 309 122 191 358 177 130 233 203 116 365 254 397 425 439 451 464 472 236 420 97
 256 356 284 57 283 126 382 224 1 128 169 190 446 456 336 381 33 110
 15 326 246 91 274 259 142 51 407 179 342 163 3 479 418 448
 172 344 112 186 297 37 369 264 175 105 155 371 386 253 430 332 162 384
 278 245 148 118 442 16 333 300 96 94 20 178 231 354 389 475 452 262 127 450 114 265 449 276 12 42 50 59 62 67 71 72 318 5 48
 207 273 228 202 49 108 102 343 468 244 249 83 159 25 113 294 434 229 341 348 379 387 396 413 416 314 24 75 103
 53 454 171 293 392 133 298 372 428 447 99 28 61 17 459 192
 329 19 462 135 22 218 47 27 458 306 470 376 39 272 149 201 429 467 471 252 363 432 417
 170 63 339 197 123 219 88 230 200 124 160 235 206 412 80 271 180 173 95 419 52 79 100 115 117 119 158 165 34 239 370 213 403 261 401
 367 444 154 101 18 311 373 0 106 286 131 77 85 443 212 98 32 399 43 463 325 90 188 204 232 237 260 281
 58 29 435 248 351 368 84 437 41 87 92 11 227 243 76 402 340 302 334 355 383 390 391 393 394 338 400 290

368882

 218 249 229 276 201 350 440 59 419 289 285 395 99 103 281 356 105
 231 299 96 199 445 223 211 432 287 400 78 407 14 171 147 236 303 51 48 372 2 45 70 90 95 101 149 261 79 382
 182 25 86 208 250 379 454 209 301 353 151 255 159 252 409 257 207 394 13 8 31 181 193 197 206 278
 84 416 279 346 4 462 256 296 93 322 141 290 277 173 460 160 283 425 474 253 270 292 293 306 316 318 335 280 154 313
 439 130 338 442 34 286 310 58 178 405 414 441 471 9 435 85 54 94 174 180 444 368 39 107 127 161 170 262 265 329 17 333 340
 179 1 326 83 108 100 331 367 307 453 297 325 36 109 234 198 421
 248 56 221 311 98 396 351 168 466 143 120 302 366 230 437 128 345 397 459 465 349
 185 330 222 461 188 385 68 300 370 357 145 388 386 288 291 408 172 227 12 30 35 47 53 57 71 80 81 88 123 144 314 37 32 50 228
 247 328 177 457 28 75 134 344 240 129 243 133 271 158 242 186 112 339 29 392 365 61 110 122 124 156 157 200 304 298 0
 305 469 380 475 422 452 354 238 126 308 192 324 65 424 420 364 191 18 10 202 214 219 241 244 246 273 332 215 102 196
 33 320 77 226 114 42 74 162 220 369 52 67 165 433 406
 116 431 450 381 448 355 5 205 436 164 142 259 16 92 40 24 113 423 393 402 404 438 455 472 478 119 418 6
 479 427 140 148 254 317 117 371 155 166 239 55 176 342 343 391 216 232 264 274 275 294 312 348
 121 359 235 63 139 336 415 443 20 97 212 203 384 213 87 26 38 337 411 163
 447 19 237 44 347 118 204 377 62 429 175 245 169 426 410 446
 362 263 295 195 76 463 194 373 167 73 473 260 146 49 41 477 390 374
 137 217 7 43 319 387 434 3 476 413 266 125 321 233 189 82 327 282 104 378 150
 358 152 11 309 22 267 428 136 184 269 251 412 27 115 225 398 284
 224 456 15 190 66 363 417 60 464 352 449 458 403 135 91 131 187 268 272 323 111 64
 106 23 153 467 315 89 210 138 258 399 46 468 451 334 72 132 470 69 341 360 361 375 376 383 389 401 430 21 183

369766

 45 119 222 71 30 25 182 157 234 411 75 125 437 339 147 303 123 402 12 29 266 137 112 142 162 172 195 213 237 265 300 68 436
 251 228 198 279 22 349 398 245 13 287 97 278 314 148 109 65 36 292 361 388 397 410 413 426 41
 404 368 46 375 325 56 438 283 115 252 118 44 63 405 276 226 363 165 317 403 221 83 140 163 168 170 206 210 218 321 66
 3 27 260 459 347 232 273 82 189 74 472 188 67 224 110
 316 462 120 381 122 261 419 173 417 190 452 214 408 208 330 138 230 378 391 420 428 446 447 454
 35 7 376 365 152 5 197 199 262 20 333 395 78 179 359 47 443 106 296
 291 34 183 313 143 242 354 2 254 337 357 439 14 421
 107 341 288 385 282 440 53 457 9 177 186 268 307 175 169 158 243
 389 194 371 85 427 429 193 51 215 184 31 274 88 241 377 176 270
 217 259 16 346 442 253 57 256 329 84 290 151 455 4 79 320 285 406 267 318 136 145 225 301 304 311 312 327 103
 93 386 159 250 99 141 26 231 366 127 451 469 207 249 394 382 348 367 374 434 476 479 70
 297 100 167 171 240 89 61 80 126 461 129 181 372 298 271 134 466 362 328 223 263 331 350 369 344 166
 246 200 235 299 11 17 415 424 471 64 284 33 178 258 124 342
 154 373 95 286 309 302 396 383 458 39 32 306 392 322 453 351 0 174 191 380 431 465 475 43 204
 130 448 98 387 201 295 352 211 96 293 94 435 444 463 474 477 280 121
 91 81 229 399 60 54 310 21 23 10 72 468 155 216 55 343 433 205 364 257 239 133 150 6 8 38 40 49 50 58 69 73 146 401 149
 355 62 323 164 202 24 113 92 409 227 275 161 255 233 104 353 209 393 114 423 430 432 467 470 473 478 77
 305 450 116 37 238 192 102 360 76 340 196 220 425 456 272 247 319 52 144 445 407 18 101 105 111 132 153 156 160 185 326
 128 87 131 139 418 1 414 203 219 338 358 460 335 464 117 412 248 187 384 390 441 59 315
 15 108 19 294 379 370 345 28 422 324 135 449 48 236 356 416 42 212 244 86 308 90 180 264 277 281 289 332 334 336 269 400

372046

 288 13 318 302 333 267 301 470 197 383 100 454 23 240 43 242 345 233 459 448 385
 382 279 36 290 248 173 474 325 417 479 421 69 307
 136 409 227 358 434 406 309 363 259 317 135 171 202 313 104 38 121 47 449 458 244 415 11 120 113
 58 238 435 108 254 0 416 440 176 158 469 140 443 305 2 105 308 304 365 123 211 92 101 230 351 225 405 56
 255 7 8 289 322 395 153 40 256 319 31 247 429 456 463 464 186 354 389 106 465 387 422 445 206 163
 391 210 295 224 128 281 97 155 142 411 42 369 203 76 119
 179 83 25 403 462 452 278 285 16 436 468 399 234 9 24 39 44 49 316 478 177 72 84 102 18 349 144 205 450 1 326 269 298 315 274 364 146 329
 400 348 181 74 337 161 147 28 457 122 188 189 243
 112 384 344 134 127 167 378 30 87 263 145 412 423 432 402 297 55 61 220 346 99 320 41 372 396 413
 323 77 438 260 174 207 137 439 183 477 353 190 431 381
 347 258 71 27 32 218 418 33 191 444 64 437 200 339 53 93 95 96 116 118 80 236 91 314 261 283 335 461 251 63 17 287 336 68 157 472 334 185 249 360 124 460 235 79 208 129 29 48
 59 276 252 368 21 169 446 270 471 342 229 272 441 195 410 427
 303 426 332 12 162 14 46 199 393 175 388 407 160 231 253 284 300 168 213 312 22 52 424 430 57 37 196 62 271 132 130 212 371 286 88 366
 184 165 433 138 408 15 359 397 152 428 241 296 214 70
 180 82 150 451 390 266 65 467 268 282 293 115 156 223 311 192 324 377 420 131 246 66 330 60
 193 81 107 352 45 232 222 172 50 425 133 139 392 394 404 340 4 10 321 166 362 442 85 117 26 103 216 414 19 89 473 164 386 98 5 194 453
 178 201 265 209 187 475 374 86 338 228 292 306 327 361 217 466 398 20 221 310 54 170 375 94 182 151
 6 215 273 419 154 51 277 198 476 141 3 373 110 204
 294 126 280 291 401 75 357 159 264 125 90 299 245 35 455 341
 111 447 239 350 34 379 237 67 250 331 257 148 328 343 355 356 367 376 380 370 275 226 114 78 149 262 143 219 109 73

377572

 331 197 286 436 164 122 310 280 292 438 190 431 417 469 423 396
 460 322 248 380 67 333 289 75 357 339 29 53 13 40 314 216 345 347 348 361 382 388 318 129 250 108 402 398
 370 246 180 142 294 92 383 448 50 126 20 407 368 193 336 9 73 81 91 100 103 115 116 459 17 141 147 32 381 76 444
 89 344 202 61 365 341 150 440 140 80 200 101 224 179 232 325 373 409 454 234 273 474 463
 479 267 72 5 338 441 64 287 192 432 413 311 340 418 419 446 327 38 301 400 298 220 42
 315 477 421 313 263 107 156 131 395 60 1 14 161 87
 376 102 78 320 324 71 191 185 406 18 456 113 52 151 144 366 290 146 204 256 36 0 6 23 31 34 47 48 56 65 69 93 379 236 10 255 149 21 45 437 271 58
 272 59 229 475 198 282 139 359 410 278 130 63 468 25 83 249 358 360 384 401 414 415 422 221 262 309 98 244 33 364 443 158 455 251 199 212
 30 196 104 77 222 227 231 188 430 291 442 88 426 154 123 68 148 275 195 97 114 121 133 157 167 175 176 208 145 19 86 362 137 79 54 85 300 66 283
 35 7 405 172 218 427 353 403 356 374 240 135 393 329 270 215 316 120 94 119 153 184 187 416 386 43 424 342 355
 387 375 3 434 295 49 371 210 159 55 117 217 411 478 404 276 238 134 203 209 228 230 235 367 22 112 281 194 16
 118 293 152 12 242 389 337 352 377 70 449 171 264 245
 458 302 392 189 306 397 259 335 453 349 26 346 470 473 279 350 226 27 57 174 471
 143 11 74 138 351 285 237 4 447 111 269 110 214 277 183
 166 206 225 201 169 181 41 372 394 127 170 15 412 390 241 476 168
 247 328 177 457 160 429 288 106 399 211 186 284 205 243 274 28
 96 299 24 51 323 385 307 125 439 182 90 330 207
 8 378 44 363 39 99 332 155 297 109 391 260 369 95 37 452 252 257 265 266 268 296 317 334 239 62 343 472 319 124
 163 213 173 261 445 2 303 304 105 219 258 450 467 162 223 420 233 128 312
 308 461 305 354 321 136 408 178 254 433 82 46 84 253 425 451 462 464 465 466 326 428 165 132 435

377113

 173 235 382 421 254 36 37 279 325 474 242 479 140 301
 150 281 222 436 50 435 330 385 282 51 84 374 229 420 71 14 23 107 111 121 124 128 130 446 185 182 29 316 452 321
 180 293 41 361 203 145 38 123 10 368 221 422 13 349 397 410 429 472 53 241 351 187 195 475
 30 75 303 162 405 239 25 339 379 357 55 280 337 47 45 58 69 70 73 78 80 87 94 96 149 157 213 34 332 236 219 371 283 191 336 257 266 88 468 68 85 1
 117 193 132 352 465 264 21 249 56 146 289 453 334 359 363 384 403 275 398 112 412 214 276 165 113 230 399
 171 152 199 65 377 347 380 373 126 223 245 12 263
 409 142 101 209 443 26 237 309 463 341 134 365 473 127 456
 217 243 16 451 252 333 148 20 297 8 457 44 42 104 106 147 160 164 168 196 89 151 376 144 394 92 408 220 437 48 358 440 295
 402 99 400 274 391 179 298 478 11 122 411 192 342 285 302 155 159 454
 306 404 244 458 186 174 136 76 441 27 343 64 139 273 388
 190 308 393 395 233 258 348 296 105 116 224 312 315 345 450 141 40 183 18 153 181 212 324
 331 286 19 211 77 154 177 307 176 175 319 471 24 439 442 447 299 28 477 423 197 57 246
 59 270 464 417 424 350 135 61 291 225 67 232 467 469 272 137 434 354 323 416
 251 119 322 284 15 383 97 9 277 178 278 326 100 470 265 449 228 231 288 294 305 310 401 102 7 314 364 0 200 66 52 108 194
 35 131 167 5 311 415 261 455 90 329 413 428 375 49 238 260 327 367 378 389 390 444 360 407 247 269 163 340 338 372 91
 344 267 426 448 259 3 218 125 476 253 240 201 189 406 459
 133 438 271 292 362 392 425 210 81 129 248 466 419 82 95 226 381 170 206 207 208 215 158 353 86 460 172 328 335 32 54 120 103 313 63
 414 227 60 346 6 33 433 462 320 234 256 156 31 418 115
 355 62 427 138 304 318 198 98 287 2 255 46 366 74 4 205 161 166 184 188 204 216 317 386 118 114 17 93 262 79 250 290 370 39 461 387 430 72 300
 83 445 432 169 356 43 22 110 431 369 268 202 143 396 109

377412

 461 299 1 74 472 117 382 227 442 429 222 68 172 328 303 304 423 162 197 243 324 355 231 257 45 305 246 39 215 320 406
 194 389 261 311 332 365 5 167 131 35 408 106 138 335 317 443 64 163 210 213 214 219 225 416 89 242 400 266 282 139 72 154 171
 471 427 344 247 268 360 28 116 241 170 184 297 24 198 229 272
 122 372 405 193 92 274 30 40 430 258 153 2 164 168 253 267 269 294 306 402 381 132 107 437 165 62 436
 18 123 451 44 66 135 223 296 310 4 187 149 283 189 127 11 33 100 118 145 150 99 363 318 181 450 31 130
 260 49 155 477 362 134 112 75 321 386 12 110 457 463 263 456
 119 251 460 203 314 446 97 287 103 361 339 86 169 239 230 353 374 375 380 383 425 180 158 441 367 148 394 284 426 177
 60 156 417 36 458 385 421 173 80 301 462 279 188 235 464
 453 211 431 6 137 77 411 234 475 185 466 9 448 25 182 115 8 19 47 51 57 58 96 98 108 129 221 157 48 271 29 476 93 102
 391 196 206 38 179 161 220 285 166 342 479 277 140 10 176 204 217 256 270 237 343 54 319 104 53 298 216
 334 440 467 433 52 403 340 369 41 329 175 350 126 61 136 398
 209 114 384 439 207 37 445 447 160 351 124 186 292 15 275 264 23
 273 228 255 388 87 341 143 338 14 191 34 346 159 327 202 42 288
 390 200 178 281 371 435 26 142 352 50 174 109 359 444 295 128 7 43 105 121 300 473 478 20 326 224 65 347 84 111
 238 337 192 88 422 289 315 293 454 392 133 245 325 395 449
 32 333 67 413 55 387 190 69 3 27 83 313 94 459 259 276 434 345 432 113 414 240 356 91 336
 307 125 330 146 17 71 101 378 85 120 418 90 73 183 81 349 323 70 470 286 147
 226 79 218 205 249 291 419 316 21 82 59 141 46 424 474 399 195 201 212 244 278 308 322 331 348 364 144 407 393 265 468 22 63 370 16 262
 248 254 379 452 13 232 280 208 377 438 354 410 469 404 233 357 252 250 76
 312 302 78 397 420 199 368 455 465 151 290 415 373 95 152 376 396 409 412 428 366 401 56 236 358 309 0

370213

 18 123 451 144 256 30 127 26 366 200 52 387 153 23 361 348 394 413 419 421 423 81 341 405 40 31
 253 314 259 189 283 241 41 15 458 325 363 57 396 260 397 1 274 309 318 327 146 119 55 221 227 222
 82 104 205 382 400 426 243 433 53 275 343 142 469 161 101 406
 296 333 365 184 78 210 70 297 239 371 166 199 466 391 359 369
 211 58 105 158 238 435 304 29 254 216 289 228 335 0 395 393 174 136 137 155 214 226 186 17 354 364 175 108
 460 248 67 75 453 150 457 328 209 87 13 134 380 121 312
 264 408 302 95 452 83 321 409 344 217 139 172 89 140 138 477 232 271 285 306 332 56 163 262 311 290 154
 375 447 414 132 265 349 5 128 115 346 478 249 192 418 448 464 470 27 307 22 473 8 44 99
 247 377 268 198 38 171 42 475 298 88 389 293 77 278 98 65 6 21 110 129 131 133 145 429 112 213 220 177 106
 444 330 62 441 179 446 471 472 162 61 197 219 410 36 267 151 240 246 392 398 425 443 468 24 358 437 331 218 440
 16 148 9 474 356 436 224 229 242 43 130 96 12 411 92 64 404 147 157 165 167 173 188 207 236 48 279 266 287 250 117 402 303 255 430 93
 299 11 124 258 164 372 355 323 59 74 342 428 122 33
 450 113 362 34 284 135 202 339 276 357 449 313 310 439 337 223 245 261 280 300 315 97 191 434 442 244 80 455
 159 193 20 295 103 233 126 234 109 388 273 76 194 141 352 203
 432 445 7 319 125 281 10 422 467 347 291 49 401 90 320 35 235 403
 412 385 180 459 181 301 47 176 476 206 152 292 169 417 465 317 187 28 190 350 367 257
 424 263 379 73 420 324 407 51 3 2 86 383 156 277 66 427 456 60 316 345 353 360 384 386 208 378 351 294 326 340 196
 116 32 230 71 373 374 143 212 336 286 338 94 69 381 237 431 479 114 204 178
 160 46 107 399 288 182 168 438 269 282 195 463 14 170 390
 84 416 201 225 462 270 102 39 251 100 376 461 305 185 215 72 183 308 272 370 252 454 4 19 25 37 45 50 54 63 91 111 415 334 68 322 79 329 149 118 231 368 120 85

374256

 156 433 51 444 320 234 32 314 256 347 57 241 14 263 283 31 115 145 162 186 187 192 205 225 0 40 324 344
 343 65 259 424 189 298 459 48 147 17 235 185 222 466 441 182
 278 174 389 395 279 195 207 351 193 379 301 277 289 454
 47 183 176 71 377 166 169 350 239 109 356 62 335 423 268 369
 125 418 364 38 10 114 479 468 173 437 267 284 339 216 220 204 290 221 226 243 246 260 273 275 340 72 293 359 360
 396 98 458 302 392 7 141 191 325 383 453 175 172 329 413 212 178 181 244 253 270 295 309 322 286 3 281 375 43
 282 107 130 448 9 361 349 6 450 310 411 384 439 67 33
 100 50 86 194 208 13 470 385 219 457 250 63 25 318 134 257 123 197 477 76 127 150 151 153 158 163 265 210 300 20 414
 381 431 328 276 323 79 464 118 155 164 117 355 97 34 376 179 460 133 307 312 16 35 58 85 90 106 148 157 271 92 180 152 93 177 436 75
 401 132 2 393 353 346 78 365 202 269 405 4 258 138 230 87 394 121 126 168 203 143 160 209
 469 305 211 108 105 435 238 406 201 390 416 84 280 332 254 294 352 380 432 438 452 472 218 103 407 427 308
 1 326 102 83 74 403 262 313 45 200 136 429 171 12 408 120 264 80 140 217 223 240 297 227 214 445 391
 303 410 104 237 426 442 231 447 44 382 245 170 327 430 142 456 446
 249 131 336 374 242 128 440 139 338 59 443 94 317 159 342 465 475 64 473 95 49 474 69 285
 449 135 113 272 229 434 28 129 321 476 398 198 116 367 137 42
 101 154 463 89 341 70 18 190 224 247 311 196 315 296 165 122 232 306 319 331 333 334 52 167 24 77
 81 91 60 316 462 428 373 425 288 455 415 54 251 368 112 99 274 15 19 23 26 30 41 53 61 66 68 292 5 21 111 362
 22 357 124 55 378 39 354 330 252 36 471 144 8 363 149 461 299 206 27 371 387 388 399 402 404 409 412 88 478 146 96 358 304 236 37 29 261
 386 348 370 337 228 188 421 266 417 82 400 161 73 422 372 420 291 345
 11 397 366 184 233 451 46 255 419 287 199 56 248 213 215 467 110 119

371627

 296 333 4 387 5 40 255 7 417 86 184 57 429 188 189 347 172 319 408 93 104 106 126 137 139 177 35 275
 308 144 350 59 354 156 256 225 289 439 356 427 372 361 36 358 109 219 465 473 476
 84 416 346 9 43 392 81 242 340 119 460 176 71 45 394 64 311 317 301 92 224 284 286 294 297 300 303 306 312 318 279 166
 424 263 164 190 258 115 141 124 55 46 91 399 467 11 298 246
 128 87 273 381 262 453 313 34 67 33 61 446 48 407 245 174 259 457 459
 14 78 2 353 368 203 21 70 41 310 143 60 187 49 384
 6 181 449 431 450 436 150 66 207 205 114 16 451 229 79 226 434 357 363 369 456 458 463 74 276
 309 236 420 422 13 345 151 274 193 267 287 211 20 406 326 173 322 418 69 162 165 212 221 235 249 336 403
 125 233 475 163 261 468 307 299 75 373 17 77 411 142 24 97 402 423 339 415 466 477 234 214 447
 217 362 445 327 8 378 140 133 455 129 454 191 200 195 158 240 278 413 62 365 90 95 100 123 134 146 271 167 39 257
 96 283 130 370 112 98 88 442 223 222 117 227 461 382 121 215 147 376 444 404 209 237 380 3 12 15 19 22 27 29 50 208 54 1
 462 316 120 122 290 270 437 292 148 169 398 68 82 277 72 425 419 285 30 196 18 110 135 180 183 201 204 218 231 52 293
 136 409 321 266 26 364 38 210 315 182 10 388 31 433 199 241 377 23 155 198 352 383 414 435 421 25
 448 80 366 111 269 65 250 314 324 280 282 239 452 76 393 132 44 281 94 103 252 305 330 331 334 338 355 401 405 149 329
 371 247 386 375 344 395 389 337 385 58 464 243 53 159 216 432 295 160 118 42 152 248 254 264 328 443 171 0
 428 213 397 56 175 101 430 253 396 260 360 325 194 154 232 304 238
 251 228 265 178 343 426 335 127 412 244 410 359 342 145 323 469 73 470
 320 107 288 51 85 131 32 157 302 332 99 374 185 349 28 37 192 390
 391 478 206 168 170 291 351 138 89 116 161 153 400 63 438 220 367 379 474 348 479
 268 179 471 272 113 102 441 472 108 440 197 202 186 230 341 47 105 83

367617

 288 13 318 302 333 267 301 470 197 383 100 454 23 240 43 242 345 233 459 448 385
 382 279 36 290 248 173 474 325 417 479 421 69 307
 136 409 227 358 434 406 309 363 259 317 135 171 202 313 104 38 121 47 449 458 244 415 11 120 113
 58 238 435 108 254 0 416 440 176 158 469 140 443 305 2 105 308 304 365 123 211 92 101 230 351 225 405 56
 255 7 8 289 322 395 153 40 256 319 31 247 429 456 463 464 186 354 389 106 465 387 422 445 206 163
 391 210 295 224 128 281 97 155 142 411 42 369 203 76 119
 179 83 25 403 462 452 278 285 16 436 468 399 234 9 24 39 44 49 316 478 177 72 84 102 18 349 144 205 450 1 326 269 298 315 274 364 146 329
 400 348 181 74 337 161 147 28 457 122 188 189 243
 112 384 344 134 127 167 378 30 87 263 145 412 423 432 402 297 55 61 220 346 99 320 41 372 396 413
 323 77 438 260 174 207 137 439 183 477 353 190 431 381
 347 258 71 27 32 218 418 33 191 444 64 437 200 339 53 93 95 96 116 118 80 236 91 314 261 283 335 461 251 63 17 287 336 68 157 472 334 185 249 360 124 460 235 79 208 129 29 48
 59 276 252 368 21 169 446 270 471 342 229 272 441 195 410 427
 303 426 332 12 162 14 46 199 393 175 388 407 160 231 253 284 300 168 213 312 22 52 424 430 57 37 196 62 271 132 130 212 371 286 88 366
 184 165 433 138 408 15 359 397 152 428 241 296 214 70
 180 82 150 451 390 266 65 467 268 282 293 115 156 223 311 192 324 377 420 131 246 66 330 60
 193 81 107 352 45 232 222 172 50 425 133 139 392 394 404 340 4 10 321 166 362 442 85 117 26 103 216 414 19 89 473 164 386 98 5 194 453
 178 201 265 209 187 475 374 86 338 228 292 306 327 361 217 466 398 20 221 310 54 170 375 94 182 151
 6 215 273 419 154 51 277 198 476 141 3 373 110 204
 294 126 280 291 401 75 357 159 264 125 90 299 245 35 455 341
 111 447 239 350 34 379 237 67 250 331 257 148 328 343 355 356 367 376 380 370 275 226 114 78 149 262 143 219 109 73

{{288, 13, 318, 302, 333, 267, 301, 470, 197, 383, 100, 454, 23, 240, 43, 242, 345, 233, 459, 448, 385}, {382, 279, 36, 290, 248, 173, 474, 325, 417, 479, 421, 69, 307}, {136, 409, 227, 358, 434, 406, 309, 363, 259, 317, 135, 171, 202, 313, 104, 38, 121, 47, 449, 458, 244, 415, 11, 120, 113}, {58, 238, 435, 108, 254, 0, 416, 440, 176, 158, 469, 140, 443, 305, 2, 105, 308, 304, 365, 123, 211, 92, 101, 230, 351, 225, 405, 56}, {255, 7, 8, 289, 322, 395, 153, 40, 256, 319, 31, 247, 429, 456, 463, 464, 186, 354, 389, 106, 465, 387, 422, 445, 206, 163}, {391, 210, 295, 224, 128, 281, 97, 155, 142, 411, 42, 369, 203, 76, 119}, {179, 83, 25, 403, 462, 452, 278, 285, 16, 436, 468, 399, 234, 9, 24, 39, 44, 49, 316, 478, 177, 72, 84, 102, 18, 349, 144, 205, 450, 1, 326, 269, 298, 315, 274, 364, 146, 329}, {400, 348, 181, 74, 337, 161, 147, 28, 457, 122, 188, 189, 243}, {112, 384, 344, 134, 127, 167, 378, 30, 87, 263, 145, 412, 423, 432, 402, 297, 55, 61, 220, 346, 99, 320, 41, 372, 396, 413}, {323, 77, 438, 260, 174, 207, 137, 439, 183, 477, 353, 190, 431, 381}, {347, 258, 71, 27, 32, 218, 418, 33, 191, 444, 64, 437, 200, 339, 53, 93, 95, 96, 116, 118, 80, 236, 91, 314, 261, 283, 335, 461, 251, 63, 17, 287, 336, 68, 157, 472, 334, 185, 249, 360, 124, 460, 235, 79, 208, 129, 29, 48}, {59, 276, 252, 368, 21, 169, 446, 270, 471, 342, 229, 272, 441, 195, 410, 427}, {303, 426, 332, 12, 162, 14, 46, 199, 393, 175, 388, 407, 160, 231, 253, 284, 300, 168, 213, 312, 22, 52, 424, 430, 57, 37, 196, 62, 271, 132, 130, 212, 371, 286, 88, 366}, {184, 165, 433, 138, 408, 15, 359, 397, 152, 428, 241, 296, 214, 70}, {180, 82, 150, 451, 390, 266, 65, 467, 268, 282, 293, 115, 156, 223, 311, 192, 324, 377, 420, 131, 246, 66, 330, 60}, {193, 81, 107, 352, 45, 232, 222, 172, 50, 425, 133, 139, 392, 394, 404, 340, 4, 10, 321, 166, 362, 442, 85, 117, 26, 103, 216, 414, 19, 89, 473, 164, 386, 98, 5, 194, 453}, {178, 201, 265, 209, 187, 475, 374, 86, 338, 228, 292, 306, 327, 361, 217, 466, 398, 20, 221, 310, 54, 170, 375, 94, 182, 151}, {6, 215, 273, 419, 154, 51, 277, 198, 476, 141, 3, 373, 110, 204}, {294, 126, 280, 291, 401, 75, 357, 159, 264, 125, 90, 299, 245, 35, 455, 341}, {111, 447, 239, 350, 34, 379, 237, 67, 250, 331, 257, 148, 328, 343, 355, 356, 367, 376, 380, 370, 275, 226, 114, 78, 149, 262, 143, 219, 109, 73}}
377572 372650
Process returned 0 (0x0)   execution time : 611.260 s
Press any key to continue.