instancias-Grupos/TipoC/DCC136-480_05.txt

 363 290 478 96 438 372 375 384 421 343 326 349 229 359 281 354 174 465 282 119 56
 27 123 277 453 192 158 149 169 306 323 360 25 268 78 106 314 32 351 243 4
 357 253 442 131 249 211 460 154 145 318 252
 165 64 14 34 337 164 30 118 447 378 471 216
 476 262 97 13 20 168 394 473 225 350 330 43 39 320 260 232 100 194 80 139 433
 230 91 302 459 33 238 342 395 287 3 235 436 440 341 361 160 217 223 414 397 214 201 176 15 463 167 170 356
 220 48 233 432 85 420 312 239 204 189 439 462 310 454 254 46 345 38 199 256
 53 110 461 99 455 163 446 366 203 196 289 267 127 132 141 60 374 393 62 128 355 152 183 303 367 402 101 17
 406 338 467 157 274 405 173 187 425 227 73 92 108 109 150 430 125 434 58 321 245 317 335 47 444 190
 16 450 417 336 259 352 148 71 389 51 380 383 261 271 191 103 419 177 248 315 209
 319 166 477 28 427 376 222 200 408 42 273 295 172 468 67 291 448 464 206 409 205 31 403 407 348 479 241 246 65
 344 382 475 93 178 422 188 332 251 396 339 398 404 386 387 309 416 413 36 410 126 415 142 388
 77 155 472 144 250 23 121 364 311 50 185 68 133 171 69 76 83 86 89 90 116 423 429 369 138 390 186 226 122 6 2 358
 381 159 328 129 266 136 299 275 292 308 324 146 278 418 391 294 105 113 84 441 286 424 221
 373 368 401 456 107 54 88 213 104 181 197 198 228 234 236 340 371 276 134 458 385 288 79 75 244 212 437
 301 5 304 193 87 153 7 207 231 74 179 156 114 0 8 9 21 37 41 72 162 297 237 431 280 347 147 365 130 392 322 210 35 224 24 269 377 94 57 1 334 466 19 61 219 59 240 285 151 379 293 469 95
 428 29 279 161 457 264 115 331 470 474 316 180 449 426 298 208 451 435 11 70 82 26 12 175 400
 300 124 270 247 111 52 215 182 44 202 399 184 412 255
 362 325 346 370 55 272 353 258 98 305 40 112 81 445 218 137 257 333 284 22 329 140 242 265 296 283 117 135 120 66
 452 443 307 143 49 195 102 18 327 45 263 313 63 411 10

371269

 102 462 309 121 437 49 308 353 233 337 345
 282 471 7 418 332 194 93 271 252 444 63 378
 468 149 383 228 458 351 243 335 391 38 435 136 393 349 277 20 158 286 80 73 315 266 403
 43 366 459 368 394 216 272 306 85 370 249 278 385 389 361 114 77 461 53 161
 465 346 443 154 291 350 386 32 281 144 153 369 312 214 267 224 143 374 127 399 321 185 226 421
 150 227 451 30 247 191 434 328 430 16 239 4 106 18 133 11 132 192 69
 51 326 432 229 135 376 320 128 304 60 323 454 270 380 253
 251 160 372 396 433 151 416 447 46 125 382 245 300 311 302 397 119 425 27 327 442 195 173
 156 105 84 174 25 10 188 338 341 22 424 225 262 406 78 255 348 148 209 356 384
 449 476 97 140 388 82 419 170 256 75 285 166 412 34 260 221 478 330 81 203 36 103 169
 181 295 318 168 208 86 14 142 359 210 126 3 283 236 347 230 333 6 420 205 415 237 322 62 409 110 231 258 303 90 147 265 15 183 163 360
 395 294 115 199 405 200 248 331 182 313 474 289 96 470 274 12 298 354 297 39 190 263 336
 339 124 54 479 202 44 363 472 58 367 456 411 441 402 246 259 204 307 40 189 241 342
 254 123 167 131 5 145 193 164 373 45 42
 29 400 99 2 179 13 83 94 138 21 287 52 329 122 408 177 288 453 222 26 48 358 139 47 463 215 162 355 68 134 438 276 445 41 23 427 475
 375 101 137 440 235 118 273 268 457 362 477 426 28 234 279 91 107 175
 130 292 250 316 238 460 88 357 314 439 290 17 387 129 398 264 422 184
 146 67 413 455 87 317 37 452 120 213 89 95 186 310 116 423 178 428 275 76 269 352 365 240 104 344 364 293 319 61 72 381 436 187 50 446 74 431 59 157 66 379 201 0 414 473 466 35 8 117 301 24 212 448 1 57 196 141 155 377 207 429 334 180
 98 324 171 257 407 197 218 176 109 100 19 31 417 112 152 172 65 159 371 299 217 469 70 108 296 220 223 33
 219 450 467 64 9 242 280 340 56 390 343 401 79 232 325 464 211 206 244 111 113 198 404 92 165 261 284 55 71 410 305 392

383117

 256 107 477 60 184 262 156 266 304 412 478 174 164 248 225 373 139
 208 198 13 105 467 212 233 110 438 104 221 7 286 236 404 457 340 177 314 357 465 218 462 144 324 159
 135 413 202 330 416 306 394 180 47 378 264 243 432 470 289 194 442 345 276
 137 142 279 158 272 294 238 103 227 69 217 247
 8 149 466 414 82 157 352 179 147 178 114 364 395 317 381 116 310 62 61 113 241 146 222 9 21 117 71 196 210 305 215 377 428 68 475 468 163 393 445 0 23 392 95 455 181 59 474 334 115 37 240 219 280 464 26 237 152 162 24 231 269 448 201 429 57 140 325 379 365 35 423
 108 77 56 263 302 167 28 315 354 45 341 290 250 274 133 209 449 349 287
 403 399 295 425 443 27 41 347 329 230 1 72 427 358 267 223 89 446 204 436 408 67 207 54 409 186 355 479 66 206 90 155 187 106 122 322 6 74 205 64 183
 188 172 109 120 255 19 38 232 359 141 124 99 473 401 291 343 303 320 339 307 165 134 176 170 88 453
 136 454 384 143 22 216 128 129 430 292 161 319 316 472 335 166 277 361 388 85
 321 36 3 360 463 344 148 376 298 138 385 350 402 214 336 246 313 410 301 348 370 353 476 58 118 151
 195 52 15 168 94 260 30 125 160 281 346 127 11 420 386 4 150 73 83 39 239 389 396 275 55
 452 451 323 440 175 245 185 411 49 112 311 439 100 145 459 153 308 14 257
 391 278 424 312 434 48 34 235 111 362 189 471
 270 102 259 16 229 25 18 300 63 318 12
 375 415 433 407 282 374 444 254 53 101 331 268 387 422 123 75 382 369
 437 131 46 203 363 154 252 460 397 326 42 192 328 211 5 234 418
 447 327 171 182 32 417 441 285 297 226 200 367 398 333 132 80 337 228 273 426 169 456
 84 271 20 380 98 199 96 44 450 351 366 40 173 51 86 10 261 17 119
 249 78 406 242 92 33 419 193 93 97 253 299 342 309 383 121 461 332
 91 197 371 213 191 469 293 458 126 338 244 224 390 435 31 130 368 251 288 265 50 220 356 421 79 87 258 81 405 283 29 190 65 76 296 70 2 372 43 284 431 400

400799

 454 111 330 391 247 388 243 300 389 403 51 430 148 349 456 233 439
 316 329 123 64 53 251 465 309 298 28 85 402 367 121 106 362 42 102 218 27 479
 133 80 461 373 12 345 266 107 188 156 318
 170 178 194 84 435 410 70 202 144 442 451 34 166 83 294 200 217 351 161 20 399
 197 437 18 380 46 434 77 471 182 227 16
 260 129 476 14 313 295 25 32 385 458 472 431 290 346 175 319 246 337 254 69 100
 30 311 146 160 343 141 19 165 76 171 151 214 13 67 265 386 415 275 474 356 204 340 94 222 131 400 55 245 220 359 267
 38 256 421 478 240 365 339 303 117 459 438 138 181 22 50 469 2 322 257 183 0 404 348 191 355 325 368 310 237 420 360 377 36 393 120 172 9 258 425 463 134 455 187
 145 285 255 413 11 419 315 173 92 169 96 417 180 235 250 272 17 447 314
 446 153 8 212 414 427 68 467 147 381 65 466 162 305 196 115 57 219 61 280 429 445 6 179 423 1 37 130 207 206 392 89 379 352 334 201 66 116 213 347 269 468 338 230 395 283 23 428 54 293 126 358 59 364 475 163 157 284 112 155 473 210 448 26 405 140 95 74 436 72 29 24 289 35 244 344
 58 477 453 422 234 60 45 326 304 374 208 424 136 387 342 418 75
 292 268 306 277 412 416 462 7 259 432 357 88 248 323 375 118 48
 164 249 199 350 411 104 460 406 443 211 433 307 189 192 261 398 174 450
 449 87 224 317 271 52 159 124 226 15 190 176 71 149 363 73 81 198 79 236 336 122 114 341 301 401 274 97 372 299 205
 203 426 241 101 291 276 98 86 457 47 119 56 137 5 263 452 127 91 139 109 239
 320 33 229 3 361 143 216 158 228 195 286 282 332 287 238 39 382 273 270
 43 142 31 168 110 177 41 409 231 232 324 441 396 105 408 215 150 297 93 113 82 221 186 333 21 4 370 407 383 390 40 296
 264 262 152 371 132 44 99 223 302 242 464 135 312 354 128 366 49 193 167 397 103 90
 331 353 384 444 328 369 278 440 252 394 279
 63 62 470 78 376 308 125 209 185 378 108 225 154 327 253 335 184 281 321 10 288

407701

 232 142 103 99 160 355 16 267 319 360 238 222 111 107 366 386 331 303 200 32 470 477 435
 123 137 390 57 459 234 140 349 268 341 347 418 350 389 415 357 143 242 152 456 93 45
 451 361 322 328 308 228 401 266 270 163 156 353 452 367 315 342 209 27 273 430 106 122 281
 334 22 475 185 223 372 471 64 205 86 114 128 148 167 476 269 335 191 174 55 85 321 262 362 38 154
 164 384 323 439 237 338 462 465 473 474 412 69 447 394 259 188 453 254
 479 54 288 136 221 457 404 187 28 193 419 213 226 292 141 5 159 100 478 0 411 432 383 195
 91 332 46 48 398 434 229 80 49 243 345
 58 251 13 168 441 406 145 252 173 118 309 354 440
 449 293 151 194 407 8 392 437 31 63 124 131 180 317 425 43 257 295 298 220 202 320 230 391 275 420 374 245
 7 211 424 218 450 461 212 183 378 138 149 239 14 33 162 324 448 89 336 410 215 177 455 101 261 170 76
 388 260 197 343 90 204 18 247 253 51 472 42 318
 272 56 189 454 458 135 271 416 274 65 158 290 282 109 249 351 359 460 346 422
 47 385 464 241 283 166 417 400 421 150 161 83 68 95 117 125 129 365 438 79 396 61 445 110 358 71 157 363 423 4 468 280 181 29 379 196 348 190 377 134 356 24 364 201 339
 23 203 414 179 84 333 436 115 299 431 330 3 20 25 26 36 277 466 9 240 368 186 1 352 381 408 37 210 427 94 219 344 35 153 116 77 207 70 467 78 147 172 82
 120 199 144 2 313 256 443 88 60 127 98 40 75 17 102 53 375 198 233 337
 108 165 306 369 314 382 113 121 370 216 250 258 171 255 371 469 276 73 248 92 311
 81 403 214 6 12 146 50 264 15 97 433 316 263 307 310 340 429 296 265 67 236 62 105 244 178 325 87 376 176 246 409 294 155
 302 66 291 446 285 463 304 405 96 227 104 19 72 74 126 397 112 41 21 395 329 52 206 373 305 175 289 393 284 326 130 44 297
 11 133 231 59 30 208 301 413 428 225 182 312 119 217 380 184 10 286 278 402
 279 300 169 287 132 327 399 39 139 387 224 34 235 426 442 444 192

365504

 439 38 194 256 168 348 444 465 479 233 111 151 432 425 391 234 92 84 104
 66 289 301 86 321 41 64 218 399 21 34 51 277 188 122 14 2 13 0 285 185 138 410 32 112
 411 78 461 145 327 216 137 316 264 53 77 209 97 323 211 478 357
 453 181 438 192 255 173 400 426 446 363 447 219 415 212 88 171 177 343 142 198 75 19 430 297 83
 25 167 437 143 79 302 129 288 290 109 307 458 373 180 123 326 263 337 227 18
 392 468 179 388 156 336 475 65 147 347 200 382 60 74 82 280 8 9 26 352 17 15 365 313 293 395 52 50 105 269 59 206 204 390 140 71 178 305 96 55 421 338
 153 281 345 433 100 40 261 353 10 292 99 462
 161 189 63 394 378 69 252 384 398 136 272
 296 214 306 404 278 162 165 159 239 242 249 367 154 33 359 409 328 312 361 193 406 7
 230 91 320 89 303 175 265 36 403 124 125 58 310 467 407 226 108 62 419 298 205 20 335 474 460 176 81 308 355
 472 254 397 434 387 191 349 386 295 380 164 139 315 253 45 273 121
 1 376 379 95 346 202 222 330 311 329 450 43 370 270 339 381 174 12 445 47 333 115 3 232 431 420 87 155 449 117 324 23 61
 103 396 443 454 417 245 418 416 163 197 217 224 231 331 258 170 457 190 459 236 341 385 144 22 448 72 463 213 283 31
 477 221 160 182 85 28 49 46 166 208 294 471 67 127 274 366 319 27 354
 470 304 6 356 44 300 229 39 248 369 184 389 318
 107 223 476 101 128 172 243 225 228 235 257 473 350 152 314 70 195 48 268 76 135 413 344 16
 351 149 299 183 237 286 291 56 148 158 199 201 358 279 126 360 203 187 132 276 251 98 435 141 377 102 260
 452 371 466 113 402 246 133 451 114 428 469 5 116 11 29 30 455 37 325 414 119 130 207 240 322 429 334 54 110 436 73 372 393 24 427 35 364 241 157 317 196 169 68 57 220 90 284 146 423 4 210
 456 215 383 441 424 342 405 422 262 271 80 332 464 287 368 131 186 120 309 244 134 250 340 93 408
 275 42 374 440 442 247 401 150 267 94 266 106 412 362 118 238 282 375 259

370628

 222 252 99 78 0 402 189 406 38 12 188 394 63
 133 245 67 28 173 62 163 453 251 311 166 58 276 348 408 158
 235 224 354 440 349 287 6 167 263 395 108 102 19 397
 461 49 457 404 193 342 7 269 22 357 414 164 33 114 448 428 175 328 5 9 18 25 53 64
 80 91 426 24 435 291 21 94 447 285 304 66 345 387 290 41 122 253 243 279 292 294
 36 201 113 324 289 168 336 284 350 107 54 306 303 389 359 13 256 136 161 177 218 221 250 254 261 216
 424 194 374 422 444 151 88 391 392 407 386 98 431 415 418 425 242 378 419 423 432 442 47
 264 16 305 146 214 211 15 364 50 182 160 464 14 141 186 77 436 316 361 217 234 268 271 272 275
 212 97 405 198 438 233 343 308 82 472 255 430 229 219 283 420 92 244 60 321 331 338 353 365 369 372
 3 238 319 347 236 376 120 45 123 75 35 152 329 459 57 140 330 126 208 145 156 178 181 185 191 192 196 352 116 230
 433 179 56 318 89 101 135 299 65 86 377 84 203 159 51 301 100 323 390 396 398 412 427 455 393
 260 388 184 42 247 170 382 237 466 204 286 327 199 220 8 277 478 300 310 312 326 340 344 358 360 183
 2 313 125 445 10 195 443 55 293 40 325 296 337 246 96 180 44 450 270 17 34 83 85 87 280 115
 249 142 119 441 215 399 223 335 124 93 381 95 302 257 147 76 346 128 74 139 202 205 226 231 239 241 258 317 409 334
 463 385 103 190 468 23 155 228 148 368 383 259 81 200 127 356 429 454 267 266 26 31 32 39 46 48 52 61 59
 320 298 106 309 297 104 43 332 262 467 380 73 213 437 351 295 403 434 449 452 456 469 475
 314 225 470 479 176 265 143 37 465 439 27 72 248 416 149 411 375 460 462 471 473 474 109
 174 240 339 144 209 384 110 121 79 197 70 29 417 112 400 446 366 172 169 206 232 274 278 281 282 333 379 307
 451 30 421 153 118 401 288 165 71 210 134 11 157 187 367 410 1 362 413 68 69 90 111 129 130 131 154 207 162 341
 373 137 370 363 227 273 458 150 20 117 322 138 371 171 132 355 476 477 315 4 105

360445

 178 413 240 9 50 146 94 167 133 392 93 124 175 139 158 209 156 239 215 184 375 90 474
 440 457 449 4 118 38 91 419 46 242 145 18
 103 431 246 476 92 206 261 65 361 416 451 160 459 396 444 469 385 155 437 14 463 340 349 165 470
 353 122 99 347 84 37 462 371 358 1 187 313 3 45 69 78 80 394 238 73 344 138 410 171 166
 303 127 325 257 348 35 147 25 102 455 379 151 207 67 192 58 75 135 230 330 32 407 202 200 217 111 310 265
 115 193 162 305 100 76 20 191 329 445 16 180 376 328 222 225 255 271 278 280 241 258 47 428 333 48 436 194
 256 397 312 420 285 386 295 430 185 311 402 403 406 417 421 281 119 332 355 173 254 15
 120 141 40 249 452 24 320 109 214 182 233 204 263 290 339 354 360 199 98 458 286 276 289 79 195 31 55
 273 279 129 252 327 121 63 211 442 387 253
 450 96 244 219 106 36 62 467 259 72 316 59 393 364 104 367 342 81 6 11 12 17 23 26 61 74 95 210 365 414 395 68 429 415 423 172 201 0 157 381 71 322 352 427 317 293
 163 150 208 331 446 324 86 425 154 362 471 287 291 296 299 304 60 169 300 142 22 7 190 110
 52 260 117 39 308 439 43 408 388 13 140 356 366 380 422 433 438 473 101 168 83 468 134 460 70
 198 137 298 343 229 472 307 164 374 424 434 453 461 477 105 82 144 319 321 49
 479 432 292 288 335 213 448 337 277 456 284 64 41 5 114 136 143 148 269 128 368 221 441 159 231 54 267 66
 131 282 443 2 294 326 116 301 56 274 245 112 302 19 161 218 224 227 228 236 29 196 177 405 89 153 297
 212 97 203 426 475 447 237 262 44 390 266 33 53 88 126 132 399 435 176 205 21 181 401 377 341 351 57 113 183 338 334
 268 152 27 272 391 359 123 42 243 314 412 345 189 369 30 357 264
 346 216 318 378 170 454 248 336 373 384 382 370 188
 179 149 197 8 466 107 464 478 220 130 34 465 186 234 235 247 283 251 77 10 232 226 418 275 87 51
 223 270 315 323 350 28 174 411 250 309 363 383 389 398 404 85 400 409 372 108 125 306

366712

 342 307 459 22 171 24 173 10 469 327 125 114 252 42 138 421 470 332 407 410 428 438 447 452 453 344
 243 357 49 129 310 17 299 326 433 331 369 341 267
 282 19 460 26 108 112 395 27 137 66 432 41 322 64 244 302 122 184 192 227 233 241 253 289 274
 207 131 283 81 130 423 100 467 75 92 338 35 219 106 28 21 329 286 38 6 20 30 62 69 86 90 95 96 155 126 420 358
 87 83 152 39 263 313 336 97 51 52 132 455 247 468 380 280 234 290 362 367 383 384 393 476
 172 134 456 54 339 107 149 140 168 43 201 461 478 80 194 318 412 439 451 466 479 315
 151 165 276 343 314 473 374 474 105 261 242 257 391 429 424 153 312 88 4 143 160 164 176 177 183 381 334
 178 413 239 215 240 93 124 94 146 320 71 392 16 150 271 260 99 0 238 175 185 187 188 197 199 365
 406 317 434 189 245 193 195 15 47 73 204 471 425 402 48 287 309 415 477 281
 293 55 321 111 325 387 57 166 371 355 303 296 256 348 265 311 370 408 376 220 213 40 91 110 127 128 379 141 427 23
 2 251 68 443 454 1 462 32 103 435 179 273 157 67 330 34 226 56 133 135 148 158 162 169 174 445 346
 279 191 278 65 449 300 104 7 364 262 211 14 181 46 186 84 203 225 319 345 353 366
 167 44 389 113 404 436 248 156 235 409 9 397 222 3 33 349 270 272 354 356 398 316
 266 59 82 170 63 144 375 70 382 419 394 12 324 218 388 465 85
 116 295 37 224 294 72 301 254 61 416 405 386 285 418 74 25 328 457 154 161 208 214 216 217 223 390
 31 11 212 50 139 159 275 182 236 120 403 401 221 308 136 210 378 372 13 464 5 18 29 45 78 79 109 196 205
 60 147 399 269 347 351 200 442 440 202 180 291 102 333 411
 237 340 277 337 448 458 352 446 117 359 77 400 417 350 385 118 323 288 206 363 228 229 246 250 255 258 284 368 232
 163 259 190 264 198 444 119 142 450 76 441 335 231 414 426 249 373 396 430 472 437
 463 230 36 361 422 8 268 98 431 58 89 475 101 305 53 145 115 123 209 292 297 298 304 306 360 377 121

362607

 141 195 278 92 165 199 320 430 121 361 104 254 378 426 12 125 354 450 440
 162 268 414 52 247 77 2 9 14 42 44 193 167 75 155 54 479 265 473 119 27 213 284 34 19 163 341
 307 335 192 350 211 312 169 176 198 364 58 340 296 400 135 343 164 241 5 224 10 220 171 203 177
 238 295 30 435 275 455 230 231 387 109 116 110 344 214 217 99 287 294 67 36 292 271 329 150 16 260
 377 478 437 357 351 126 397 149 433 466 439 158 243 188 391 259 49 370 380 248
 31 212 236 159 401 209 403 134 152 138 144 161 120 179 11 428 71 181 3 221 15 183 288 246 170 305 420 431 317 293 469 6 35 365 187 50 23 146 68 168 448 283 178 358 322 324 237
 332 102 402 69 80 53 91 434 418 46 447
 108 470 250 87 233 338 223 56 311 411 367 263 145 406 336 4 405 38 394 73 308
 189 32 132 359 66 412 313 166 258 229 51 17 460 175 83 319 156 310 182 253
 348 404 216 389 461 314 242 453 345 422 374 28 123 315 25 349 337 441
 39 376 63 18 0 228 299 143 97 306 331 234 328 185 444 342 326 133 282
 438 415 274 375 383 408 174 368 205 339 468 244 353 333 122 204 8 454 106 286 325 424 180 347 297 157 59 219 256 393 186 449 371
 457 7 264 474 456 257 327 399 200 218 472 235 45 137 252 316 139 184
 96 465 384 410 413 432 100 309 86 270 323 304
 43 225 85 194 290 226 267 93 281 70 118 173 208 197 94 272 154 346 127 462
 463 385 190 13 476 81 130 47 64 74 76 89 90 117 65 61 464 429 41 240 445 37 409 436 423 1 395 303 95 280 289 206 82 147 452 140 210 392 201 379 22 443 21 427 62 57 334 29 251 128 207 352 72 446 360 467 196 381 24
 78 148 276 245 142 372 261 301 421 355 172 115 131 388 459 26 451 222 153 425 390 113 285 191 475 266 396 79 114 105
 215 151 298 363 202 129 227 442 279 373 88 330 273
 471 111 321 55 419 48 366 458 112 239 300 136 362 302 20 262 249 84 477
 160 386 269 382 291 124 407 416 40 255 232 60 33 398 107 417 98 356 277 369 101 103 318

379418

 454 111 330 391 247 388 243 300 389 403 51 430 148 349 456 233 439
 316 329 123 64 53 251 465 309 298 28 85 402 367 121 106 362 42 102 218 27 479
 133 80 461 373 12 345 266 107 188 156 318
 170 178 194 84 435 410 70 202 144 442 451 34 166 83 294 200 217 351 161 20 399
 197 437 18 380 46 434 77 471 182 227 16
 260 129 476 14 313 295 25 32 385 458 472 431 290 346 175 319 246 337 254 69 100
 30 311 146 160 343 141 19 165 76 171 151 214 13 67 265 386 415 275 474 356 204 340 94 222 131 400 55 245 220 359 267
 38 256 421 478 240 365 339 303 117 459 438 138 181 22 50 469 2 322 257 183 0 404 348 191 355 325 368 310 237 420 360 377 36 393 120 172 9 258 425 463 134 455 187
 145 285 255 413 11 419 315 173 92 169 96 417 180 235 250 272 17 447 314
 446 153 8 212 414 427 68 467 147 381 65 466 162 305 196 115 57 219 61 280 429 445 6 179 423 1 37 130 207 206 392 89 379 352 334 201 66 116 213 347 269 468 338 230 395 283 23 428 54 293 126 358 59 364 475 163 157 284 112 155 473 210 448 26 405 140 95 74 436 72 29 24 289 35 244 344
 58 477 453 422 234 60 45 326 304 374 208 424 136 387 342 418 75
 292 268 306 277 412 416 462 7 259 432 357 88 248 323 375 118 48
 164 249 199 350 411 104 460 406 443 211 433 307 189 192 261 398 174 450
 449 87 224 317 271 52 159 124 226 15 190 176 71 149 363 73 81 198 79 236 336 122 114 341 301 401 274 97 372 299 205
 203 426 241 101 291 276 98 86 457 47 119 56 137 5 263 452 127 91 139 109 239
 320 33 229 3 361 143 216 158 228 195 286 282 332 287 238 39 382 273 270
 43 142 31 168 110 177 41 409 231 232 324 441 396 105 408 215 150 297 93 113 82 221 186 333 21 4 370 407 383 390 40 296
 264 262 152 371 132 44 99 223 302 242 464 135 312 354 128 366 49 193 167 397 103 90
 331 353 384 444 328 369 278 440 252 394 279
 63 62 470 78 376 308 125 209 185 378 108 225 154 327 253 335 184 281 321 10 288

{{454, 111, 330, 391, 247, 388, 243, 300, 389, 403, 51, 430, 148, 349, 456, 233, 439}, {316, 329, 123, 64, 53, 251, 465, 309, 298, 28, 85, 402, 367, 121, 106, 362, 42, 102, 218, 27, 479}, {133, 80, 461, 373, 12, 345, 266, 107, 188, 156, 318}, {170, 178, 194, 84, 435, 410, 70, 202, 144, 442, 451, 34, 166, 83, 294, 200, 217, 351, 161, 20, 399}, {197, 437, 18, 380, 46, 434, 77, 471, 182, 227, 16}, {260, 129, 476, 14, 313, 295, 25, 32, 385, 458, 472, 431, 290, 346, 175, 319, 246, 337, 254, 69, 100}, {30, 311, 146, 160, 343, 141, 19, 165, 76, 171, 151, 214, 13, 67, 265, 386, 415, 275, 474, 356, 204, 340, 94, 222, 131, 400, 55, 245, 220, 359, 267}, {38, 256, 421, 478, 240, 365, 339, 303, 117, 459, 438, 138, 181, 22, 50, 469, 2, 322, 257, 183, 0, 404, 348, 191, 355, 325, 368, 310, 237, 420, 360, 377, 36, 393, 120, 172, 9, 258, 425, 463, 134, 455, 187}, {145, 285, 255, 413, 11, 419, 315, 173, 92, 169, 96, 417, 180, 235, 250, 272, 17, 447, 314}, {446, 153, 8, 212, 414, 427, 68, 467, 147, 381, 65, 466, 162, 305, 196, 115, 57, 219, 61, 280, 429, 445, 6, 179, 423, 1, 37, 130, 207, 206, 392, 89, 379, 352, 334, 201, 66, 116, 213, 347, 269, 468, 338, 230, 395, 283, 23, 428, 54, 293, 126, 358, 59, 364, 475, 163, 157, 284, 112, 155, 473, 210, 448, 26, 405, 140, 95, 74, 436, 72, 29, 24, 289, 35, 244, 344}, {58, 477, 453, 422, 234, 60, 45, 326, 304, 374, 208, 424, 136, 387, 342, 418, 75}, {292, 268, 306, 277, 412, 416, 462, 7, 259, 432, 357, 88, 248, 323, 375, 118, 48}, {164, 249, 199, 350, 411, 104, 460, 406, 443, 211, 433, 307, 189, 192, 261, 398, 174, 450}, {449, 87, 224, 317, 271, 52, 159, 124, 226, 15, 190, 176, 71, 149, 363, 73, 81, 198, 79, 236, 336, 122, 114, 341, 301, 401, 274, 97, 372, 299, 205}, {203, 426, 241, 101, 291, 276, 98, 86, 457, 47, 119, 56, 137, 5, 263, 452, 127, 91, 139, 109, 239}, {320, 33, 229, 3, 361, 143, 216, 158, 228, 195, 286, 282, 332, 287, 238, 39, 382, 273, 270}, {43, 142, 31, 168, 110, 177, 41, 409, 231, 232, 324, 441, 396, 105, 408, 215, 150, 297, 93, 113, 82, 221, 186, 333, 21, 4, 370, 407, 383, 390, 40, 296}, {264, 262, 152, 371, 132, 44, 99, 223, 302, 242, 464, 135, 312, 354, 128, 366, 49, 193, 167, 397, 103, 90}, {331, 353, 384, 444, 328, 369, 278, 440, 252, 394, 279}, {63, 62, 470, 78, 376, 308, 125, 209, 185, 378, 108, 225, 154, 327, 253, 335, 184, 281, 321, 10, 288}}
407701 376820
Process returned 0 (0x0)   execution time : 611.444 s
Press any key to continue.