instancias-Grupos/TipoD/20_5_A.txt

 15 8 3
 11 19 5 7
 6 0 17 1
 13 2 16 9
 12 4 18 14

1761

 11 5 19 7
 8 3 9 16
 12 14 18 4
 10 13
 15 0 17 6 2

1693

 3 8
 15 1 6
 2 19 11 5
 12 4 14 18
 7 0 17 9 16 13

1786

 5 7 16 9 11
 6 1 0 17
 13 2 19
 18 4 12 14
 3 8 10

1649

 0 17 8 3
 5 19 11
 16 1 7 9
 18 4 12 14
 13 10 2 6

1718

 1 6
 4 18 14 12
 15 2 19
 3 10 13
 0 16 17 7 5 9 11

1616

 15 8 3
 18 4 14 12
 10 1 6
 9 2 16 7
 19 5 11 17 0

1786

 7 11 19 5
 10
 15 13 12
 4 16 0 9 14 18 17
 3 2 8 6

1478

 0 3 8 17
 5 11 19
 10 15
 4 13 14 18
 7 9 6 2 16

1590

 9 11 7 5 16
 13 1 6
 3 8 2
 12 18 4 14
 0 17 15 10

1649

 3 8
 15 1 6
 2 19 11 5
 12 4 14 18
 7 0 17 9 16 13

{{3, 8}, {15, 1, 6}, {2, 19, 11, 5}, {12, 4, 14, 18}, {7, 0, 17, 9, 16, 13}}
1786 1672.6
Process returned 0 (0x0)   execution time : 610.119 s
Press any key to continue.