instancias-Grupos/TipoD/20_5_A.txt

 19 11 5 7
 10 15
 13 12 0 17 18 14
 3 9 8 16
 6 4 2 1

1431

 14 12 4 18
 6 1
 15 8 3
 5 19 2 11
 13 17 0 7 9 16

1786

 18 4 14 13
 2 15 0 17
 6 1 10
 12 7 9 16
 19 5 8 11

1625

 18 6 1 14 4
 5 11 19
 16 9 17 7 0
 3 8 13
 15 2 10

1571

 18 4 14 0 13 17
 1 6
 16 9 8 3
 11 7 19 5
 10 15 2

1633

 1 6 10
 12 15
 5 19 11
 9 16 0 7 17 2
 4 14 8 13 18

1625

 5 11 1 6
 2 7 9 16
 10 8 3
 12 4 18 14
 17 0 13 15

1479

 13
 2 19 11 5
 3 15 8
 4 12 14 0 18 17
 6 9 7 10 16

1718

 19 8 3
 15 12
 1 6 10
 13 4 2 18 14
 11 5 0 7 17 9 16

1521

 1 6
 16 8 9 3
 4 18 13 14 2
 11 19 7 5
 17 10 0 15

1633

 14 12 4 18
 6 1
 15 8 3
 5 19 2 11
 13 17 0 7 9 16

{{14, 12, 4, 18}, {6, 1}, {15, 8, 3}, {5, 19, 2, 11}, {13, 17, 0, 7, 9, 16}}
1786 1602.2
Process returned 0 (0x0)   execution time : 610.062 s
Press any key to continue.