instancias-Grupos/TipoD/40_10_B.txt

 16 6 27
 20 12 35 8
 34 33 25 3
 30 32
 21 2 9
 36 23 29
 39 10 14 19
 11 13 15 24 31 17 4
 18 37 22
 7 26 38 0 5

4042

 32 1 30
 5 9 2
 25 33 34 3
 22 18 39
 12 8 20 35
 38 28 15 31
 6 27 16
 11 24 21 13 17 4
 14 19 0 26 7
 29 23 10 36

4442

 25 34 9 2
 14 5 19
 22 37 18
 16 6 27
 38 31 15 28
 8 20 35 12
 30 32 1
 21 24 13 17 11 4
 29 36 39 23
 10 3 7 33 0 26

4491

 9 2
 29 14 19
 33 30 1 3
 25 5 31 34 15
 38 10 28
 16 27 6
 21 11 4 24 13 17
 20 8 12 35
 0 36 23 7 39 26
 22 37 18 32

4156

 9 20 12 35
 37 18 22
 31 19 14 33 3
 4 13 24 11 21 17
 32 30 1
 6 27 16
 34 28 25 15
 29 36 23
 38 7 26 39 0
 5 10 8 2

4501

 9 12 2 20
 16 27 6
 32 25 34 30
 37 22 18
 21 4 13 11 24 17
 28 31 15
 36 29 23
 8 14 19 35
 33 3 39 5
 38 7 26 10 0

4139

 35 20 8 12
 39 22 18
 38
 14 2 9 19
 11 24 17 13 4 21
 26 30 7 0 1
 15 28 31 34
 37 23 29 36
 16 27 6
 33 32 3 25 5

4269

 20 9 2 12
 25 28 34 15
 7 26 0
 39 36 29 23
 4 24 11 17 13 21
 27 6 16
 38 35 8
 14 19 32 30
 18 37 22
 5 3 33 10 31

4201

 23 36 29
 12 20 35 8
 28 25 34 15
 32 30
 39 2 9
 3 27 33 16
 18 22 37
 21 24 4 13 11 17
 38 10 5
 14 19 7 31 26 0

4412

 30 32 1
 22 37 18
 35 20 8 12
 9 19 2 14
 15 34 25 28
 27 16 6
 29 36 23
 7 4 24 0 21 26
 11 13 17 10 38
 3 5 33 31 39

4137

 9 20 12 35
 37 18 22
 31 19 14 33 3
 4 13 24 11 21 17
 32 30 1
 6 27 16
 34 28 25 15
 29 36 23
 38 7 26 39 0
 5 10 8 2

{{9, 20, 12, 35}, {37, 18, 22}, {31, 19, 14, 33, 3}, {4, 13, 24, 11, 21, 17}, {32, 30, 1}, {6, 27, 16}, {34, 28, 25, 15}, {29, 36, 23}, {38, 7, 26, 39, 0}, {5, 10, 8, 2}}
4501 4279
Process returned 0 (0x0)   execution time : 610.169 s
Press any key to continue.

instancias-Grupos/TipoD/40_10_B.txt

 20 35 9 12
 31
 16 27 33 3
 28 25 34 15
 1 0 26 7 30
 8 2 19 14
 24 23 36 4 21
 18 37 22
 29 10 5 32
 17 11 13 39 6

3512

 0 9 7 26 2
 37 22 18
 27 16 6
 14 19
 28 15 39 31
 24 13 21 11 4 17
 12 8 20 35
 25 34 32 30
 29 5 36 23
 10 38 3 33

4404

 31 15 25 34
 12 20 8 35
 21 11 24 17 13 4
 37 18 22
 29 36 23
 33 3 28
 6 27 16
 30 32 1 39
 5 10 38
 9 0 2 26 19 7

4452

 16 19 27 14
 1 30 32
 11 4 13 17 24 21
 22 37 18
 35 9 8 2
 31 3 33
 36 29 5 23
 25 28 15 34
 0 20 7 26 12
 10 38 39

4410

 27 7 16 26 0
 12 20 35 9
 19 14
 34 25 15 28
 39 18 22
 13 4 11 17 21 24
 23 29 36
 37 8 2
 30 32 38
 10 3 33 31 5

4262

 29 23 36
 34 28 15 25
 39 22 18
 13 3 24 11 17 33
 20 12 8 35
 9 4 2 21
 14 16 19 27
 32 1 30
 38 0 26 37 7
 5 10 31 6

3786

 27 6 16
 29 23 36
 32 1 30
 11 4 17 21 13 24
 22 18 39
 35 20 15 31 12
 0 26 7 2 9
 37 28 8
 34 25 3 33
 14 19 10 5

4261

 15 28 10 31
 38 9 2
 13 24 4 21 11 17
 33 3 27 16
 18 37 22
 12 8 35 20
 6 19 14
 34 7 26 25 0
 1 32 30
 36 39 23 29

4464

 18 22 39
 27 6 16
 25 14 19 34
 3 33 12 20 35
 29 36 23
 2 8 9
 1 30 31 15
 17 21 4 13 24 11
 7 26 0 28
 37 5 32 10

4161

 39 6 5
 38 19 14
 37 18 22
 30 32 1
 29 15 31 28
 8 20 35 12
 11 17 24 21 4 13
 34 25 9 2
 27 7 0 16 26
 33 23 36 3 10

4254

 15 28 10 31
 38 9 2
 13 24 4 21 11 17
 33 3 27 16
 18 37 22
 12 8 35 20
 6 19 14
 34 7 26 25 0
 1 32 30
 36 39 23 29

{{15, 28, 10, 31}, {38, 9, 2}, {13, 24, 4, 21, 11, 17}, {33, 3, 27, 16}, {18, 37, 22}, {12, 8, 35, 20}, {6, 19, 14}, {34, 7, 26, 25, 0}, {1, 32, 30}, {36, 39, 23, 29}}
4464 4196.6
Process returned 0 (0x0)   execution time : 610.472 s
Press any key to continue.

