instancias-Grupos/TipoD/100_15_A.txt

 22 44 47 49 42 46
 95 89 65 9 20 61 16
 28 78 66 31 15 41
 36 8 56 87 52 91
 77 58 79 59 94 73
 21 99 92 25 6 1
 7 40 29 11 19 5 74
 45 90 39 69 48 84 54
 13 75 86 96 60 83
 53 51 3 35 64 33 93 34
 10 38 88 71 81 23
 50 72 67 97 63 24 85 80 17 0
 68 37
 32 26 30 12 43 18 57 4 14 55 98
 76 2 62 82 70 27

28129

 5 7 9 20 29 16 40 19 11 89
 6 21 25 81 92 23 1

 73 58 79 22 59 77 49
 47 52 44 42 46
 94 54 61 95
 2 75 27 82 60 96
 26 4 12 28 30 41 55 98 31 32 18 14
 83 78 62 66
 24 48 67 63 0 72 85 17 97 80
 34 3 87 93 51 88 35
 56 33 53 64 36 91 76 71
 84 68 74 90 39 69 45
 65 43 86 57 70 99
 13 15 37 38 10 8 50

22183

 43 57 60 66 70 13
 38 10 23 81 99 71
 29 7 9 56 91 16
 33 2 3 8 27 35 36 34

 90 96 98 39 62 26
 17 24 45 48 50 54 67 69 0
 74 68 94 95
 87 52 53 64 82 93 76
 79 58 59 73 85 86 92
 20 61 65 78 83 84 89
 77 22 44 46 47 49 42
 37 41 51 72 75 80 88 97
 19 5 11 25 28 30 31 32 40
 63 1 4 12 14 15 18 21 55 6

12702

 99 21 1 6 92 81

 38 23 56 10 71 88
 73 84 54 77 90 45 39 79 58
 94 3 93 51 34 35
 75 66 15 78 96
 83 13 60 31 43
 61 65 16 95 89 20 9
 8 33 36 53 87 52 91 64
 7 5 37 74 11 40 29 25
 98 30 57 4 55 12 32 26 28 70 14 18 41
 47 42 44 46 59
 48 69 27 68 19
 50 62 76 82 2 86
 85 24 0 80 17 72 22 97 63 49 67

25305

 8 3 33 34 35 36 64 51
 29 7 9 16 37 56 87 20
 90 45 48 69 72 80 84 85 39

 4 98 99 18 66
 79 58 59 77 95 73
 78 60 62 15
 49 6 21 22 42 46 47 44
 32 12 14 26 28 30 31 41 43 55 57
 68 74 88 92 11 40
 19 75 83 86 91 96
 61 65 71 81 89 97 82
 94 52 54 76 93 53
 5 23 24 25 27 50 63 70
 67 0 1 2 13 17 38 10

16442

 83 60 13 86
 49 42 44 47 46 22
 30 43 27 2 82 70
 81 25 21 6 99 1
 78 66 15 62
 73 94 79 58 77 59
 89 16 61 56 20 95 9
 72 97 80 10 38 88 85 0
 51 93 35 3 34 75 96
 24 50 71 67 23 65 17 63
 29 11 5 19 74 40 7
 36 91 64 8 76 87 33 53
 92 37 68
 84 54 90 52 69 45 39 48
 31 12 32 28 41 57 14 4 55 18 98 26

27233

 28 31 98 18 41 26 55 14 12 57 4 32
 80 85 67 24 63 72 0 97 17 50
 99 1 92 25
 3 34 36 8 51 64 33 35
 96 95 75 9 16
 69 39 48 90 45 84
 91 93 86 76 13 53 83
 29 7 19 40 68 5 11
 52 42 46 47 44
 54 22 49 73 94 58 79 77
 65 23 78 71 62
 59 6 81 21
 30 2 82 43 70 27
 10 88 61 89 56 20 87 38
 60 37 74 66 15

25924

 7 9 20 29 56 89 61 16
 28 4 14 18 26 30 31 41 55 57 32 12

 3 34 35 51 27 64 93
 59 99 58
 95 91 97 98 80 43
 5 19 68 74 11 40 37
 6 21 25 81 88 92 1
 23 10 71 82 85 84 38
 46 44 47 52 42
 15 66 79 77 75 78
 90 17 24 45 48 54 63 67 39 0 50
 36 8 65 72 73 76 33 87
 86 13 60 83 62
 53 22 49 69 70 94 2 96

20561

 76 8 36 53 64 87 93 27 33
 86 15 66 78
 2 50 67 72 80 85 82
 40 5 68 74 75 19
 22 49 73 79 58 77 54 94
 11 7 9 20 29 56 61 16 37
 47 23 38 52 71 10

 42 44 59 46 13
 95 96 97 35 51
 6 21 25 81 92 1 88
 4 18 31 41 65 84 89 28
 62 60 69 83 99
 98 12 14 26 30 32 43 57 55 70
 3 0 17 24 34 39 45 63 90 91 48

20873

 51 86 60 13 83
 38 52 88 10 47
 84 69 39 45 90 48
 29 20 61 89 9 16 65 56
 5 11 7 68 19 74 40
 92 99 25 71 1 23
 70 35 27 76 2 82
 28 31 41
 96 15 78 66 75
 24 85 50 0 63 80 67 72 17 97
 26 12 4 43 57 18 30 32 55 98 14
 77 79 94 54 73 58
 22 59 42 49 46 44
 33 8 3 36 34 93 64 91 53 87
 95 6 62 81 21 37

28486

 51 86 60 13 83
 38 52 88 10 47
 84 69 39 45 90 48
 29 20 61 89 9 16 65 56
 5 11 7 68 19 74 40
 92 99 25 71 1 23
 70 35 27 76 2 82
 28 31 41
 96 15 78 66 75
 24 85 50 0 63 80 67 72 17 97
 26 12 4 43 57 18 30 32 55 98 14
 77 79 94 54 73 58
 22 59 42 49 46 44
 33 8 3 36 34 93 64 91 53 87
 95 6 62 81 21 37

{{51, 86, 60, 13, 83}, {38, 52, 88, 10, 47}, {84, 69, 39, 45, 90, 48}, {29, 20, 61, 89, 9, 16, 65, 56}, {5, 11, 7, 68, 19, 74, 40}, {92, 99, 25, 71, 1, 23}, {70, 35, 27, 76, 2, 82}, {28, 31, 41}, {96, 15, 78, 66, 75}, {24, 85, 50, 0, 63, 80, 67, 72, 17, 97}, {26, 12, 4, 43, 57, 18, 30, 32, 55, 98, 14}, {77, 79, 94, 54, 73, 58}, {22, 59, 42, 49, 46, 44}, {33, 8, 3, 36, 34, 93, 64, 91, 53, 87}, {95, 6, 62, 81, 21, 37}}
28486 22783.8
Process returned 0 (0x0)   execution time : 610.569 s
Press any key to continue.

instancias-Grupos/TipoD/100_15_A.txt

 86 13 66 15 60

 95 7 16 9 29 56 20
 36 91 87 64 76 33 53 8
 21 1 81 99 92 25
 61 71 89 88 38 23 10
 2 82 27 30 43 70
 54 39 84 69 45 83 90 48
 51 96 3 93 75 35 34
 79 58 94 77 73 59
 97 85 50 67 63 0 72 80 24 17
 44 42 47 46 52
 12 55 41 98 32 57 14 26 28 18 31 4
 62 49 6 65 78 22
 74 68 11 40 37 5 19

28884

 22 49 77 42 58 59 44
 96 75
 55 31 32 28 4 98 41 12 18 14 57 26
 99 1 25 92
 29 9 56 20 61 89 16 95
 65 34 51 93 3 35
 46 69 45 84 90 39 48
 43 60 86 13 83
 21 81 54 94 79 73 6
 88 52 10 47 38
 63 24 80 85 97 0 67 50 72 17
 40 11 5 74 68 19 7
 37 87 33 53 64 8 76 36 91
 82 30 71 27 23 70 2
 78 62 15 66

28622

 39 90 69 84 48 45
 58 79 94 59 77 54
 44 47 46 49 22 42
 61 9 89 29 95 16 56 20
 38 10 65 88 23 71
 91 52 8 87 53 64 36 33
 41 12 55 32 26 31 98 57 4 28 18 14
 50 80 67 72 63 97 0 24 85 17
 92 1 99 25
 11 40 68 5 74 7 37
 2 93 3 76 82 27 34
 86 83 30 70 43 60
 96 35 51 19 75
 66 78 62 15
 13 6 81 73 21

27906

 1 6 99 25 21 81
 56 37 7 16 29 9 20 61 89
 75 96 68 19 40 74
 31 15 43 66
 38 23 71 10 88 65
 54 90 48 84 39 69 45
 27 82 2
 49 47 22 42 44 46
 50 67 24 85 72 97 17 80 63 0
 59 77 58 73 79 94
 95 78 62
 98 57 70 4 28 18 30 14 32 41 55 12 26
 92 91 52 87 8 36 53
 35 33 93 76 64 3 51 34
 5 83 60 86 13 11

26797

 99 81 6 49 71 22 23 21
 9 29 5 7 16 11 68 37
 78 15 66 62
 50 54 67 69 84
 51 3 34
 13 86 60 83
 48 90 17 80 63 24 39 85 45 72 0 97
 93 91 8 36 64 35 76 33 53
 42 47 46 52 44
 58 77 59 94 79 73
 14 98 31 4 12 55 70 30 57 26 32
 65 19 75 74 40 96
 87 56 20 38 10 88
 1 95 61 92 25 89
 27 82 18 2 41 43 28

26436

 96 68 75 37
 32 57 31 4 14 43 26 41 18 28
 74 16 29 11 19 7 5 40
 81 1 99 21 6 25
 44 42 46 52 47
 49 77 58 22 59 79 73
 55 98 30 70 12
 94 83 13 86 60
 34 51 36 93 64 91 53 8 33
 65 56 20 89 9 61 95
 0 69 48 85 50 45 67 17 97 39 63 90
 78 15 62 66
 27 76 82 35 2
 84 54 3 80 72 24
 10 38 92 23 88 87 71

25657

 56 88 38 10
 49 46 44 47 42 22
 65 71 23
 48 69 84 39 90 45 54
 2 76 82 27
 96 75 60 13 86 83
 79 58 59 73 77 94
 6 81 99 1 25 21
 19 68 5 74 37 11 40
 30 4 26 32 28 57 14 18 41 43 31
 87 64 91 8 36 53 52 33
 50 0 85 67 17 80 24 72 63 97
 92 95 7 89 29 20 16 61 9
 55 70 35 93 98 34 51 12 3
 66 62 15 78

29067

 56 38 71 23 10 88

 54 84 45 69 39 90 48
 81 21 25 99 1 92
 30 28 98 41 12 4 32 70 18 55 57 14 26
 16 9 61 20 89 65 95 29
 66 62 78 15
 73 94 59 58 79 77
 17 24 67 80 97 72 63 50 0 85
 76 35 36 33 8 93 87 64 91
 74 68 19 11 40 5 7
 51 34 27 3 2 82
 13 31 60 83 86
 47 46 43 53 52
 96 49 22 42 37 6 75 44

28164

 31 26 43 57 14 32 4 28 41 18
 64 36 93 34 76 35 8 33 3
 74 19 40 11 37 29 5
 50 67 80 0 72 63 85 17 97 24
 73 79 94 58 77 54
 69 84 45 39 90 48
 21 81 49 6 22
 75 15 78 96 66
 89 9 95 16 20 61 65 7
 51 60 83 86 13
 56 87 91 38 53 88
 55 2 98 30 27 70 12 82
 59 23 10 71 68
 46 44 52 42 47
 1 99 92 62 25

27955

 35 82 27 70 76 2

 23 71 62 78
 39 69 54 94 48 90 84 45
 1 92 75 99 25 96
 3 91 53 36 87 34 8 93 33 64
 83 51 60 86 13
 80 0 63 97 24 72 67 17 50 85
 29 95 61 16 65 89 20 9
 15 49 21 66 6 81 22
 28 59 79 41 31 77 73 58
 7 74 5 68 37 11 40
 30 55 98 26 57 14 32 18 43 4 12
 42 44 47 46 52
 19 10 88 38 56

28852

 56 88 38 10
 49 46 44 47 42 22
 65 71 23
 48 69 84 39 90 45 54
 2 76 82 27
 96 75 60 13 86 83
 79 58 59 73 77 94
 6 81 99 1 25 21
 19 68 5 74 37 11 40
 30 4 26 32 28 57 14 18 41 43 31
 87 64 91 8 36 53 52 33
 50 0 85 67 17 80 24 72 63 97
 92 95 7 89 29 20 16 61 9
 55 70 35 93 98 34 51 12 3
 66 62 15 78

{{56, 88, 38, 10}, {49, 46, 44, 47, 42, 22}, {65, 71, 23}, {48, 69, 84, 39, 90, 45, 54}, {2, 76, 82, 27}, {96, 75, 60, 13, 86, 83}, {79, 58, 59, 73, 77, 94}, {6, 81, 99, 1, 25, 21}, {19, 68, 5, 74, 37, 11, 40}, {30, 4, 26, 32, 28, 57, 14, 18, 41, 43, 31}, {87, 64, 91, 8, 36, 53, 52, 33}, {50, 0, 85, 67, 17, 80, 24, 72, 63, 97}, {92, 95, 7, 89, 29, 20, 16, 61, 9}, {55, 70, 35, 93, 98, 34, 51, 12, 3}, {66, 62, 15, 78}}
29067 27834
Process returned 0 (0x0)   execution time : 610.284 s
Press any key to continue.