instancias-Grupos/TipoD/100_15_B.txt

 49 19 25 28 33 50 14
 9 91 93 12 45

 72 11 13 17 24 79 38
 21 4 20 35 70 74
 23 36 42 61 73 77 83 88
 76 57 71 89 97 99 75 3
 26 0 7 53 63 67 81 86 66
 58 2 8 44 64 82 40 80
 32 78 84 92 95 96 98
 59 30 46 55 62 65 85 90
 29 41 48 60 68 69 51
 94 34 39 43 47 52 87 37
 27 16 18 22 31 56 15
 54 1 5 6 10

16873

 36 23 29 42 48 41
 0 7 26 51 63 64 66 72 81 53

 3 33 80 92 95 97 58
 60 19 50 68 87 38
 20 12 35 44 54 74
 86 89 91 93 98 45
 85 15 25 28 49 52 31
 96 73 77 78 79 83 84 90 94 88
 55 6 16 32 46 62 99 47
 76 27 57 59 71 75 56
 67 2 8 9 40 82
 70 4 11 13 21 24 69 17
 61 18 22 30 39 43 37
 1 5 10 14 65 34

17922


 33 3 96 97 80 2
 66 67 81 82 86 92 95 64
 37 61 98 18 77 83 10
 6 16 57 71 75 27
 7 4 11 13 21 24 72 17
 22 84 85 87 88 89 90 93 99 62
 43 39 68 70 73 76 94
 0 48 51 53 59 63 26
 28 31 49 52 56 60 15
 91 1 12 20 30 65
 78 45 46 50 54 55 58 74
 35 36 38 40 42 44 47
 25 23 29 32 34 41 79
 14 5 8 9 19 69

13881

 22 39 69 94 78 43
 12 20 54 74 35 9

 2 8 40 64 80 82 58 44
 88 84 87 95 96 48 5
 65 30 32 45 46 55 1
 53 0 7 26 66 81 86 92 51 63 98
 16 27 56 57 62 71 6
 42 29 36 41 73 23
 14 19 50 60 68 34 47
 77 18 61 93 37 83 59
 24 11 17 21 38 13 72
 97 3 33 76 90 91 99 89
 52 15 28 31 85 49 25
 10 70 75 79 67 4

21545

 68 5 60 87 88 50 23

 59 54 55 62 71 74 46
 66 0 7 48 51 53 72 81 26
 83 18 22 37 39 43 77 61
 94 78 96 97 69
 32 86 89 90 91 95 99 93
 67 73 76 80 82 84
 92 29 33 36 41 42 85 3
 21 20 35 58 64 79 12
 75 16 27 31 56 57 52
 13 11 17 38 49 70 24
 63 2 8 34 40 44 47 9
 1 25 28 30 65 45
 4 6 10 14 15 19 98

14630

 35 9 20 74 91 12
 29 23 36 42 48
 8 40 44 58 82 97 99 80 3

 21 72 52 22
 32 46 54 55 59 62 90 45
 13 17 24 38 70 4 11
 89 92 93 95 96 98 41
 14 19 47 50 60 68 85 49
 79 10 73 77 78 83 84 94
 15 25 28 31 34 81 33
 64 67 69 71 75 76 2
 86 7 26 51 53 56 57 61 63 65 66 0
 1 27 37 39 43 30
 88 5 6 16 18 87

16657

 61 18 37 39 43 69 77 22

 45 30 46 54 55 62 90 32
 51 48 53 63 64 67 66
 74 12 20 35 40 44 80 99 58
 28 33 34 47 49 85 25
 1 91 65 97
 60 14 50 87 98 19 68
 73 23 29 36 42 88
 93 59 94 95 96 41 78
 10 76 79 82 83 84 89 2
 5 70 71 72 75 86
 56 27 31 38 52 57 15
 26 0 4 7 11 17 21 24 81 13
 92 3 6 8 9 16

16871

 45 55 62 32 90 59 54 46
 42 73 23

 19 50 5 60 87 68 71
 36 84 88 95 29 92 41 96
 97 27 74 3 89 33 57
 69 78 39 51 94 22 86 43 98
 1 35 12 30 93 21
 28 49 25 14 47 34
 38 4 17 11 24 70 13
 26 76 7 48 72 66 81 53 0
 40 44 8 58 37 80 20
 2 67 9 63 64 82
 56 75 99 31 16 52 85 15
 18 83 91 6 10 61 79 65 77

21629

 37 43 61 78 94 22 77 69 18
 95 51 73 82 41 48
 6 16 27 57 90 62 71

 67 0 7 26 53 63 81 66
 70 11 13 21 24 4 17
 2 9 12 40 99 58 64 8
 25 34 49 92 96 47 33 3
 46 97 68 38
 32 59 91 20 55 93
 56 28 31 75 76 52 85 15
 83 84 86 87 88 89 98 23 39
 1 30 42 54 65 45
 72 35 36 44 80 74 60 19
 5 10 14 50 79 29

17612

 20 74 93 1 46
 43 18 37 39 61 69 77 22
 49 14 19 25 31 50 85 28

 79 70 72 10 24 13
 38 87 88 89 90 94 97 99
 96 3 33 78 82 83 84 36
 23 42 71 73 86 75
 95 29 41 48 51 66 76 92
 64 2 9 21 58 80
 12 59 63 67 68 60
 30 45 54 55 57 91
 40 8 35 44 52 56 65 81 53
 16 26 27 32 34 47 62 98
 5 0 4 6 7 11 15 17

11003

 45 55 62 32 90 59 54 46
 42 73 23

 19 50 5 60 87 68 71
 36 84 88 95 29 92 41 96
 97 27 74 3 89 33 57
 69 78 39 51 94 22 86 43 98
 1 35 12 30 93 21
 28 49 25 14 47 34
 38 4 17 11 24 70 13
 26 76 7 48 72 66 81 53 0
 40 44 8 58 37 80 20
 2 67 9 63 64 82
 56 75 99 31 16 52 85 15
 18 83 91 6 10 61 79 65 77

{{45, 55, 62, 32, 90, 59, 54, 46}, {42, 73, 23}, {}, {19, 50, 5, 60, 87, 68, 71}, {36, 84, 88, 95, 29, 92, 41, 96}, {97, 27, 74, 3, 89, 33, 57}, {69, 78, 39, 51, 94, 22, 86, 43, 98}, {1, 35, 12, 30, 93, 21}, {28, 49, 25, 14, 47, 34}, {38, 4, 17, 11, 24, 70, 13}, {26, 76, 7, 48, 72, 66, 81, 53, 0}, {40, 44, 8, 58, 37, 80, 20}, {2, 67, 9, 63, 64, 82}, {56, 75, 99, 31, 16, 52, 85, 15}, {18, 83, 91, 6, 10, 61, 79, 65, 77}}
21629 16862.3
Process returned 0 (0x0)   execution time : 610.292 s
Press any key to continue.

instancias-Grupos/TipoD/100_15_B.txt

 92 96 29 48 41 86
 27 57 75 76 99 71 16
 2 58 80 40 44 64 9 8
 67 81 51 26 53 0 82 63 66

 59 45 46 54 62 90 32 55
 36 84 73 88 23 42
 6 30 65 1 89 91
 11 13 4 21 72 38 70
 94 61 22 37 77 78 43 83 18
 87 19 60 39 50 68 69 5
 28 31 15 52 56 85
 47 10 14 34 49 25 79
 24 3 97 95 33 7 17
 93 20 98 74 12 35

25258


 71 6 16 75 99 27
 40 2 58 64 44 82 80 8
 49 34 25 47 14
 98 93 91 30 1 65
 97 89 79 33 57 3 10
 73 36 42 23 84 88
 95 67 92 41 96 29
 15 31 85 52 56 38 28
 39 69 50 68 87 60 19 5
 21 12 74 20 35 9
 62 55 90 54 45 32 46 59
 22 94 61 43 83 37 77 78 18
 48 7 86 51 66 0 81 26 63 53
 4 72 11 17 13 70 24 76

27372

 97 3 58 2 40 8 44 80

 27 99 71 16 57 76 75
 88 36 23 84 73 42
 25 49 15 28 34 85 52
 18 94 61 39 22 77 37 83 43
 82 64 6 89 67
 38 24 11 4 17 21 13
 95 96 56 31 41 29 92
 78 30 91 10 1 65 79
 81 0 63 66 51 48 26 53 86 7
 93 20 12 9 74 35
 87 19 5 50 68 98 60
 59 55 90 32 62 45 54 46
 72 69 14 70 33 47

25188

 88 42 36 23 73 84 77

 21 35 74 12 20
 7 92 67 26 51 81 53 0 66 63
 62 59 90 32 46 55 45 54
 3 82 64 97 9 80 2
 85 49 25 31 47 34 52 15
 61 95 48 86 96 29 41
 1 93 65 30 91
 27 76 99 89 71 16 75
 87 50 19 68 5 14 60
 17 72 24 11 70 13 4
 83 22 39 94 18 78 37 43
 33 6 57 38 28
 8 10 69 40 56 98 58 44 79

26934

 60 14 47 19
 33 3 80 97 8 58 40 44
 68 5 50 87
 93 1 65 91 30
 25 34 49 15 52 85 28
 92 48 41 29 96 95
 79 64 82 10 9 2
 81 53 86 51 26 63 66 0 67
 75 18 31 37 61 77 83 98 56
 38 21 35 20 12 74
 72 11 4 7 70 13 24 17
 62 55 32 90 59 54 46 45
 6 22 43 69 94 39 78
 89 76 99 16 71 57 27
 73 88 36 84 42 23

27174

 97 33 3
 74 20 35 21 9 12
 96 95 29 41 67 92
 0 26 86 48 81 7 51 63 66 53
 6 71 89 99 90 57 62
 31 85 28 56 15 52
 60 87 5 68 50 19
 8 82 58 2 40 80 44 64
 16 10 75 27 76 79
 93 46 54 32 59 55
 24 13 17 98 72 4 11 70
 23 42 73 84 88 36
 47 38 25 49 14 34
 61 94 78 83 77 18 22 39 43 69
 91 45 65 1 30 37

27187

 13 79 11 38 72 10 70
 60 14 34 25 49 47
 32 45 46 54 30 59
 48 29 96 92 41 95

 76 27 57 89
 71 16 90 62 75 6 99 55
 37 78 77 61 18 39 94 83 43 69
 97 58 80 2 82 3 64 44
 5 50 20 87 12 35 74 68
 4 98 21 22 24 17
 8 28 31 56 40 52 85 15
 66 81 86 63 26 0 53 7 51 9
 67 91 33 93 65 1
 36 42 73 19 23 88 84

24760

 22 83 43 39 61 94 77 37 18
 99 62 90 75 6 71 16
 54 55 32 45 59 46

 42 88 36 73 23 84
 97 27 33 89 3 76 57
 21 60 5 68 87 50 19
 82 64 2 80 9 67
 14 34 25 79 49 10 47
 40 44 12 8 74 58 20 35
 24 13 70 17 72 4 11
 0 26 81 98 7 51 53 86 63 66
 28 38 15 85 52 31 56
 96 92 95 48 29 41
 93 78 30 69 65 1 91

26767


 93 91 30 1 65
 21 11 70 4 17 24 13
 67 20 35 12 74 9
 79 69 39 43 78 94 22 10
 0 63 51 98 53 66 7 72 26 81
 92 86 48 41 95 96
 80 97 33 82 3 2 64
 59 32 54 45 90 55 46 62
 50 57 76 68 27 60 89 19
 40 58 8 44 99 75 71 16
 38 18 61 77 37 42 83
 47 5 49 25 34 14 87
 6 15 52 31 85 28 56
 84 29 88 36 23 73

25745

 99 27 57 71 75 89 16
 81 26 51 67 86 92 53 66 41 95
 6 46 59 62 90 55 32
 61 22 39 83 18 69 37 94 43
 42 73 23 29 36
 50 5 88 87 19 60 84 68
 97 33 3
 9 0 64 82 2 63 7
 30 1 54 93 65 45
 20 12 35 91 74
 11 4 13 10 21 17 79 24
 15 85 31 52 48 56 96
 70 44 8 80 72 40 58
 28 34 25 47 14 49
 78 77 98 38 76

22778


 71 6 16 75 99 27
 40 2 58 64 44 82 80 8
 49 34 25 47 14
 98 93 91 30 1 65
 97 89 79 33 57 3 10
 73 36 42 23 84 88
 95 67 92 41 96 29
 15 31 85 52 56 38 28
 39 69 50 68 87 60 19 5
 21 12 74 20 35 9
 62 55 90 54 45 32 46 59
 22 94 61 43 83 37 77 78 18
 48 7 86 51 66 0 81 26 63 53
 4 72 11 17 13 70 24 76

{{}, {71, 6, 16, 75, 99, 27}, {40, 2, 58, 64, 44, 82, 80, 8}, {49, 34, 25, 47, 14}, {98, 93, 91, 30, 1, 65}, {97, 89, 79, 33, 57, 3, 10}, {73, 36, 42, 23, 84, 88}, {95, 67, 92, 41, 96, 29}, {15, 31, 85, 52, 56, 38, 28}, {39, 69, 50, 68, 87, 60, 19, 5}, {21, 12, 74, 20, 35, 9}, {62, 55, 90, 54, 45, 32, 46, 59}, {22, 94, 61, 43, 83, 37, 77, 78, 18}, {48, 7, 86, 51, 66, 0, 81, 26, 63, 53}, {4, 72, 11, 17, 13, 70, 24, 76}}
27372 25916,3
Process returned 0 (0x0)   execution time : 612.012 s
Press any key to continue.