instancias-Grupos/TipoD/100_25_A.txt

 52 47
 14 12 26 28 57 4

 67 72 80 85 97
 38 10 88
 23 81 71
 70 95 30 15
 34 35 93 3 64
 86 82 13
 22 49 58 59
 11 40 5 25 19
 99 6 21 1
 50 62 78
 27 2 77 76
 89 84 94
 83 60 51
 31 41 43 98 18 32
 46 44 42
 96 53 92 75
 29 37 9 16 7
 74 68 39
 24 45 48 63 69 17 90
 20 65 61 56
 54 73 79 66
 91 8 36 55 87 0 33

15862

 86 13 60 70
 65 61 89 95
 24 85 48 17 72
 75 15 66
 33 2 82 27

 10 23 71 38
 50 63 67 97 80
 64 93 35 34 51
 98 12 14 26 30 55 57 32
 69 45 90 39 84
 96 68 11
 31 18 43 41 28
 83 62
 4 81 99
 77 22 42 49 44
 76 87 3
 47 88 46
 73 74 19 40
 91 52 36 8
 21 92 25 6 1
 16 9 29 37 7
 56 59 20
 94 54 53 79
 0 5 78 58

15536


 74 40 19 5
 3 54
 82 27 2
 62 78
 32 4 14 18 41 26 57 28
 96 99 55 75
 68 37 56
 70 30 43 98 12
 51 86 60
 10 23 88
 46 44 42
 58 49 79 22 59
 66 83 13
 48 45 69 72 90
 64 92 81 91
 15 94 73
 76 71 95
 31 84 65
 8 36 53 77 33 87
 97 0 17 50 67 63 85
 11 52 61 47
 7 9 20 29 39 89 16
 35 34 25 24 93
 1 6 38 21 80

14566

 76 3 34 35
 5 68 40 19
 97 63 50 67 48 17
 54 77 94 79

 82 2 27
 53 52 47
 46 42 44
 36 33 87 64 8 91
 62 78
 60 83 51
 16 9 7 37 29
 98 30 43 32 70 55 26
 86 31 13
 12 28 41 14 57 18 4
 38 10 23 71
 88 56
 6 15 21 66
 80 85 0 90 24 39 72
 1 74
 25 92 99
 61 89 20 59 95
 11 58 65
 96 73 75 49 22
 84 69 45 81 93

17199

 56 9 20 87 36
 33 52 53 8
 35 3 34 93 64

 74
 1 6 21 25 92
 77 22 42 49 44
 76 82 72
 30 95 96 70
 13 60 66
 19 75 81
 51 83 86
 84 69 90 94
 7 29 16 88
 26 4 14 18 31 28
 68 5 37 11
 38 10 23 71
 98 80 97 55 99
 62 65 89 61
 91 59 79 54
 85 0 17 24 45 50 48
 78 15 41
 12 43 57 73 32
 67 46 63 58
 40 2 27 39 47

12955

 96 75 19
 0 24 85 72 80 17
 1 25 92 21 6
 52 47 53
 99 81
 14 12 4 98 26 57
 23 65 71
 95 61 56 20
 62 78
 93 51 34 3
 82 2 27
 94 73 79 58
 68 37 11 40 5
 77 59 90 39 69 45
 10 88 38
 13 41 18 31 28
 74 50 63 67 97
 44 42 46
 84 54 48
 60 86 83
 43 32 30 70
 15 66
 29 89 9 16 7
 76 49 22 35
 91 8 64 33 55 36 87

19035

 18 4 31 57 41 28 14
 6 49 23 81 22 21
 82 2 27
 15 66

 62 44
 93 3 91 34 36 64
 51 35 19
 53 52 47
 94 79 58 73
 59 96 77 75
 12 30 26 70 32 98
 78 65
 11 7 16 40 37 5
 54 67 50 63 80
 42 46 68
 48 69 84 90 39 45
 24 0 72 85 97 17
 99 1 92
 71 55 56 87 9
 10 95
 43 89 20 88 61
 29 60 83
 33 8 74 76
 38 86 25 13

16560

 49 22 58 73 79 77
 51 34 93 3
 48 90 39 69 84 45
 23 38 71 10
 62 78
 65 95 89 61
 40 37 11 5 19
 13 83 60

 18 28 26 14 57 41 4
 44 59 42
 1 25 99
 54 94
 67 80 97 85 47
 15 86 31
 68 66
 56 87 20 88
 2 36 91 75 96
 21 35 6 81
 12 70 32 55 30 43
 8 76 53 64 33
 27 92 52
 16 29 7 74
 24 63 17 72 98 0 50
 46 82 9

17553

 67 50 80 63
 2 82 27
 76 93 35 3
 75 41 31 96
 42 44 46
 15 66
 1 21 99 6
 84 69 48 90 39 45
 29 16 9 7
 5 40 11 37 19
 62 92 25
 10 38 88
 55 43 70 30 12
 58 94 79 73
 89 95 61 20
 71 65 23
 14 57 26 32 98 18 4 28
 68 74
 60 34 51
 0 17 97 72 85 24
 54 59 77
 81 22 49
 8 36 64 33 91 87
 53 47 52
 83 86 13

20159

 6 21 23 81 71
 87 38 10
 78 62
 74 29 7

 99 92 1
 25 94 79 73
 89 86 83 84
 93 33 34 36 8 3
 61 56 91 20
 68 40 37 11 5
 80 97 67 72 85
 19 77 47
 12 27 32 55 57 98
 60 69 66
 59 96 75 76
 58 35 51 22
 9 64 16 95
 52 53 82
 4 18 26 30 14 41 31
 17 24 39 48 50 90 45
 70 65 46
 44 88 0 63
 54 15 43
 49 2 13 42 28

12204

 67 50 80 63
 2 82 27
 76 93 35 3
 75 41 31 96
 42 44 46
 15 66
 1 21 99 6
 84 69 48 90 39 45
 29 16 9 7
 5 40 11 37 19
 62 92 25
 10 38 88
 55 43 70 30 12
 58 94 79 73
 89 95 61 20
 71 65 23
 14 57 26 32 98 18 4 28
 68 74
 60 34 51
 0 17 97 72 85 24
 54 59 77
 81 22 49
 8 36 64 33 91 87
 53 47 52
 83 86 13

{{67, 50, 80, 63}, {2, 82, 27}, {76, 93, 35, 3}, {75, 41, 31, 96}, {42, 44, 46}, {15, 66}, {1, 21, 99, 6}, {84, 69, 48, 90, 39, 45}, {29, 16, 9, 7}, {5, 40, 11, 37, 19}, {62, 92, 25}, {10, 38, 88}, {55, 43, 70, 30, 12}, {58, 94, 79, 73}, {89, 95, 61, 20}, {71, 65, 23}, {14, 57, 26, 32, 98, 18, 4, 28}, {68, 74}, {60, 34, 51}, {0, 17, 97, 72, 85, 24}, {54, 59, 77}, {81, 22, 49}, {8, 36, 64, 33, 91, 87}, {53, 47, 52}, {83, 86, 13}}
20159 16162.9
Process returned 0 (0x0)   execution time : 610.308 s
Press any key to continue.

instancias-Grupos/TipoD/100_25_A.txt

 60 13 83
 26 98 43 12 55
 11 19 74 40
 87 38 88 10
 22 49
 20 89 61 95 16 9
 41 78 62
 76 35 34 3
 2 27 82
 30 47 52 70
 66 15
 77 58 59
 42 46 44
 99 81 6 21
 51 75 96
 1 92 25
 29 56
 14 4 28 57 32 31 18
 93 8 36 91 33 64
 94 79 73 54
 7 37 5 68
 90 48 69 39 84 45
 50 17 0 97 63 24 72
 71 53 23 86
 80 67 85 65

19839

 73 79 94 54
 24 50 67 17 63
 93 3 34 51
 4 41 31 18 28
 52 47
 19 5 40 68
 87 91 53 36 8
 77 58 59
 95 89 65 61
 78 62
 60 13 83
 92 56 20
 25 99 1
 72 0 80 85 97
 30 70 27 82
 88 38 10
 46 42 44
 2 64 35 33 76
 96 75
 29 7 16 37 9
 98 55 43 32 26 14 57
 39 90 69 84 48 45
 66 15
 86 12 71 23
 81 21 6 49 11 22

20047

 67 63 80 50
 77 58 59
 30 57 26 98 55 32 12 14
 88 38 56 20
 51 93 34 3
 66 15
 42 46 44
 27 82 2
 99 81 21 6
 49 19 75 22 96
 28 41 18 4 31
 10 23 71
 60 83 13
 74 35 76
 40 5 68 37 11
 7 29 16 9
 33 91 36 8 64 87
 45 84 39 90 48 69
 92 1 25
 97 85 0 24 17 72
 78 62
 52 47 53
 89 61 95 65
 54 94 79 73
 43 70 86

21274

 55 12 70 43 30
 66 49 22
 35 6 21 81
 25 1 99
 57 4 28 98 18 26 32 14
 95 65 61 89
 54 79 94 73
 39 48 45 84 69 90
 51 75 96
 60 86 83
 15 41 31 13
 19 11 40 37 5
 42 46 44
 53 52 47
 50 67 80 63
 16 7 9 29
 56 38 20 88
 74 68
 91 64 8 36 33 87
 72 24 0 85 17 97
 2 27 82
 77 58 59
 10 23 71
 78 62
 76 3 93 34 92

20519

 97 72 24 0 80
 13 28 31 18 41
 96 19 75
 66 15
 10 88 38
 32 55 4 57 98 26 14
 87 91 53 8 36
 47 52
 78 62
 56 61 20 9 89
 30 43 70 12
 5 68 11 37 40
 83 86 60
 46 44 42
 54 94 73 79
 29 74 16 7
 69 48 39 90 84 45
 25 99 1
 2 27 82
 58 77 59
 3 51 34
 17 50 67 63 85
 49 22 23 71
 81 92 6 21
 35 33 76 93 64

20458

 49 22
 65
 94 79 73 58
 19 96 75
 25 1 92
 16 20 9 61 89 95
 11 7 5 37 29
 44 42 46
 34 3 93 35
 4 43 28 41 18 14
 47 53 52
 98 30 26 70 12 32 57 55
 78 59 77
 40 68 74
 54 80 50 67 63
 21 81 99 6
 83 60 51
 66 15
 36 56 87 88
 23 71 38 10
 39 45 90 84 69 48
 76 64 33 8 91
 27 82 2
 85 24 17 72 0 97
 86 31 13

20236

 16 7 9 29
 14 98 4 12 57 26
 45 39 84 90 48 69
 64 36 33 53 8 87
 47 52
 19 74
 93 35 34 3
 80 67 63 50
 83 60 86
 15 78
 54 79 73 94
 68 37 40 5 11
 46 42 44
 96 75 51
 20 38 56 88
 25 99 1
 58 77 59
 30 32 43 70
 61 65 89 95
 28 31 41 13 18
 21 49 6 81 22
 10 71 23
 0 17 97 85 24 72
 82 2 27
 76 91 55 92

20274

 9 56 16 20
 37 40 11 7 68
 62 78
 15 66
 96 75
 93 3 34 35
 73 54 79 94
 74 5 19
 38 23 71 10
 99 92 1
 98 12 30 55 32 70 26
 81 6 22 21 49
 61 65 89 95
 44 42 46
 28 18 14 31 4 41 57
 8 87 33 36 91 64
 88 51
 53 47 52
 80 63 67 50 25
 17 85 24 72 97 0
 77 58 59
 84 45 48 90 39 69
 43 29 86
 13 83 60
 2 82 76

20299

 31 18 41 14 28 57 4
 96 75 51
 71 23 10
 81 21 49 6 22
 42 44
 62 78
 43
 1 25 99
 86 83 60
 13 80 63 67 50
 66 92 15
 93 34 35 3
 48 69 39 90 84 45
 77 59 58
 95 89 61 65
 97 85 17 24 0 72
 87 8 91 33 36 64
 16 7 9 29
 56 88 20 38
 53 52 47
 94 54 79 73
 74 76 19
 40 5 68 37 11
 82 27 2
 12 26 30 70 32 55 98

20968

 38 88 10 87
 4 57 28 18 31 14 32
 3 35 93 34
 58 79 77 59
 47 52
 70 55 98 26 30 12
 27 82 2
 41 78 66
 92
 21 71 6 23 81
 42 46 44
 48 39 90 84 69 45
 64 33 91 8 53
 94 54 73
 40 7 16 29 5 11
 20 36 56 9
 72 17 0 80 24 85
 99 1 25
 74 62
 43 13 51
 67 97 50 15 63
 68 37 49 22
 75 96 76 19
 83 60 86
 95 61 65 89

19425

 67 63 80 50
 77 58 59
 30 57 26 98 55 32 12 14
 88 38 56 20
 51 93 34 3
 66 15
 42 46 44
 27 82 2
 99 81 21 6
 49 19 75 22 96
 28 41 18 4 31
 10 23 71
 60 83 13
 74 35 76
 40 5 68 37 11
 7 29 16 9
 33 91 36 8 64 87
 45 84 39 90 48 69
 92 1 25
 97 85 0 24 17 72
 78 62
 52 47 53
 89 61 95 65
 54 94 79 73
 43 70 86

{{67, 63, 80, 50}, {77, 58, 59}, {30, 57, 26, 98, 55, 32, 12, 14}, {88, 38, 56, 20}, {51, 93, 34, 3}, {66, 15}, {42, 46, 44}, {27, 82, 2}, {99, 81, 21, 6}, {49, 19, 75, 22, 96}, {28, 41, 18, 4, 31}, {10, 23, 71}, {60, 83, 13}, {74, 35, 76}, {40, 5, 68, 37, 11}, {7, 29, 16, 9}, {33, 91, 36, 8, 64, 87}, {45, 84, 39, 90, 48, 69}, {92, 1, 25}, {97, 85, 0, 24, 17, 72}, {78, 62}, {52, 47, 53}, {89, 61, 95, 65}, {54, 94, 79, 73}, {43, 70, 86}}
21274 20333,9
Process returned 0 (0x0)   execution time : 610.747 s
Press any key to continue.