instancias-Grupos/TipoD/100_25_B.txt


 13 21 4 24
 88 84 73 36
 22 38
 14 47 49 25
 16 99 71
 59 46 32 55
 82 63 64 2
 34 43 69 94 39 78
 45 30 91 65
 61 77 37 83 18
 70 11 72 17
 96 92 67
 98 5 79 10
 85 52 28 15
 97 3 80 33
 89 90 57 62 6
 86 95 48 41
 26 0 7 51 66 81 53
 27 31 56 75 76
 50 87 60 68 19
 29 42 23
 35 44 40 58 8
 93 20 54 12
 9 74 1

19125

 76 57 89 27
 64 82 2
 8 44 80 40 58
 67
 17 81 66 26 63 7 0
 14 68 47 50 87
 75 71 16 99
 95 96 41 92
 36 29 42
 45 32 46 30
 33 97 3
 5 10 79
 93 54 59
 98 69 78 39 94 43
 4 11 70 13 72
 56 25 31 49 34
 91 65 1
 28 52 85 15
 73 88 23 84
 74 20 35 12
 37 61 18 77 83
 24 21 9
 86 53 51 48
 6 90 55 62
 60 19 22

18940

 2 63 9 64
 32 46 59 55

 1 45 30
 69 77 98 39 61 83
 17 11 4 24 13
 89 57 27 76
 99 16 75 71
 40 58 8 44 80
 86 96 92 95 41
 36 29 48
 38 37
 21 72 70
 60 14 19
 10 79 28
 73 42 23
 33 3 82 97
 49 47 34 25
 22 43 78 94 18
 66 0 51 26 81 7 53
 90 62 6 67
 91 74 93 12 65
 20 54 35
 52 85 15 56 31
 84 50 68 87 88 5

18705

 38
 27 76 57 89
 84 5 73 88
 3 97 33
 92 96 67
 29 23 36
 98 42 77 61
 9 63 82
 74 12 20 35
 95 86 41 48
 24 72 11 13 17
 46 62 90 55 6
 37 18 83 78
 53 81 51 0 7 26 66
 16 99 75 71
 52 85 15 28
 34 25 49 31 56
 47 79 10 14
 87 68 50 60 19
 54 59 93 32
 2 64 44 58 80
 8 40 1
 22 69 39 94 43
 70 21 4
 30 91 45 65

19308

 38
 4 21 70
 86 48 29
 94 43 78 69 22
 91 65 1
 46 59 45 32
 80 8 40 44 58
 6 90 62 55
 39 33 3 97
 11 72 24 17 13
 68 84 88 50 87 5
 25 47 49 34
 41 36 95 92 96
 89 57 76 27
 23 42 73
 19 14 60
 12 74 35 20
 16 75 99 71
 37 83 18 61 77
 15 85 56 52 31
 64 82 63 2
 53 26 0 51 7 66 81
 28 67
 30 54 93
 9 79 10 98

20123

 23 84 42
 20 93 12 54
 41 48 95 86
 33 97 3
 16 75 99 71
 35 74 9
 4 21 70
 89 76 27 57
 96 67 92
 10 90 79 62 6
 72 11 17 24 13
 38 22
 30 45 28
 5 68 88 87 50
 43 98 78 39 69 94
 37 77 18 61 83
 73 29 36
 8 44 80 40 58
 60 14 19
 59 55 32 46
 25 49 34 47
 64 63 82 2
 53 81 66 26 0 7 51
 52 15 56 31 85
 91 1 65

20112

 9 28
 93 65 91 1
 14 19 60
 4 11 13 72 70
 5 87 68 88 50
 53 81 66 7 0 51 26
 54 30 45
 18 37 77 61 83
 64 82 63 2
 38 79 10
 17 24 21
 92 86 41 95 96
 3 33 97
 55 46 32 59
 89 57 27 76
 20 35 74 12
 23 42 84
 56 52 31 15 85
 78 39 69 94 98 43
 44 8 40 58 80
 67 22
 34 25 47 49
 75 16 99 71
 29 73 36
 6 90 62 48

20125

 84 88 5 68 87 50
 11 13 70 17 4
 1 65 91
 21 24 72
 19 60 14
 31 15 52 85 56
 83 18 78 37
 86 51 81 66 0 48 26

 80 40 8 58 44
 27 57 89 76
 73 23 36
 98 3 33 97
 16 99 75 71
 32 93 54 59
 41 67 53 92
 38 45 30
 28 61 42 77
 69 43 39 22 94
 2 64 82 63
 55 6 90 46 62
 96 95 29
 34 25 49 47
 9 79 7 10
 35 12 74 20

19140

 83 78 18 22 43
 72 17 13 4 11

 95 48 41 86
 35 12 74 20
 31 15 85 52 56
 28 34 49 47
 97 25 33 3
 14 36 23 84
 67 92 96
 73 29
 0 7 81 51 26 66 53
 42 77 61 37
 99 71 75 16
 80 44 8 58 40
 21 70 24
 89 57 76 27
 68 5 87 50 88
 54 30 93
 9 64 63 2
 38 98 94 39
 32 45 59 46
 91 65 1
 90 6 62 55 82
 10 79 60 19 69

19555

 34 49 28
 67
 76 89 57 27
 93 91 1 65
 86 48 29 41
 36 73 88 23
 13 70 38
 97 3 33
 52 85 15 56 31
 83 37 98 18
 55 6 90 59
 47 25 14
 8 44 80 58 40
 96 92 95
 24 4 72 11 17
 82 2 63 64
 32 46 54 45 62
 20 35 74 12
 87 19 50 68 60
 5 9 21
 22 78 43 39
 99 75 71 16
 84 61 42 77
 0 7 53 51 81 66 26
 69 79 94 10 30

18847

 9 28
 93 65 91 1
 14 19 60
 4 11 13 72 70
 5 87 68 88 50
 53 81 66 7 0 51 26
 54 30 45
 18 37 77 61 83
 64 82 63 2
 38 79 10
 17 24 21
 92 86 41 95 96
 3 33 97
 55 46 32 59
 89 57 27 76
 20 35 74 12
 23 42 84
 56 52 31 15 85
 78 39 69 94 98 43
 44 8 40 58 80
 67 22
 34 25 47 49
 75 16 99 71
 29 73 36
 6 90 62 48

{{9, 28}, {93, 65, 91, 1}, {14, 19, 60}, {4, 11, 13, 72, 70}, {5, 87, 68, 88, 50}, {53, 81, 66, 7, 0, 51, 26}, {54, 30, 45}, {18, 37, 77, 61, 83}, {64, 82, 63, 2}, {38, 79, 10}, {17, 24, 21}, {92, 86, 41, 95, 96}, {3, 33, 97}, {55, 46, 32, 59}, {89, 57, 27, 76}, {20, 35, 74, 12}, {23, 42, 84}, {56, 52, 31, 15, 85}, {78, 39, 69, 94, 98, 43}, {44, 8, 40, 58, 80}, {67, 22}, {34, 25, 47, 49}, {75, 16, 99, 71}, {29, 73, 36}, {6, 90, 62, 48}}
20125 19398
Process returned 0 (0x0)   execution time : 610.330 s
Press any key to continue.
