instancias-Grupos/TipoD/200_25_A.txt

 123 105 114 140 179 71 146 23 172
 37 11 40 7 29 184 68 5
 155 141 173 126 139 49 197 22 189
 46 53 52 47 170 186 119
 99 21 6 81 92 25 1 167
 93 159 91 107 34 192 33 8 158 125 64 151 36
 88 87 133 180 10 38 153 150 164
 122 15 169 66 127 101 118 104
 35 51 111 136 3 129
 95 195 142 157 9 196 89 147 61 20 16 183

 54 100
 102 2 199 110 185 76 27 82
 41 176 108 26 32 178 57 43 31 14 28 191 4
 160 67 116 63 112 50 162 174 175 124 156
 187 58 154 94 79 182 73 77 166
 148 45 149 69 143 190 39 84 106
 74 121 103 19 96 75
 181 198 144 65
 48 24 131 97 72 0 17 90 85 132 115 80
 120 130 86 168 13 171 18
 135 113 59 161 44 163 42
 83 60 188 78 193 138 62
 55 98 30 137 194 12 128 70 134 117
 165 109 177 145 152 56

86251


 151 107 51 93 3 35 111 199 159 34 192
 129 168 176 171 43 70 30
 21 126 49 197 22 155 81 189 141 6

 145 125 88 164 153 56
 54 117 55 12 137 128 100 98
 78 177 62 152
 40 5 37 19 75 68 96 184 11
 71 172 23 150 133 10 38 105 139 114 123 180
 175 156 162 112 185 194 67 50 124 174 63
 2 27 110 82 102 116 160
 178 108 18 26 188 57 4 14 134 32 191 193 31 28
 73 58 187 166 154 79 94 77 182
 13 130 41 83 60 138 120 86
 165 157 95 16 89 61 9 147 109 20 142 183
 135 173 44 113 163 42 161
 66 104 101 122 15 127 118 169
 132 85 0 48 72 17 97 115 24 84 80
 198 140 65 181 146 179
 46 74 59 29 103 7 121
 195 33 8 76 64 196 91 36 87 136
 92 25 144 1 99 167
 149 45 190 131 69 148 106 143 39 90
 186 158 53 52 119 47 170

90760

 111 192 129 51 159 151 35 34 3 93
 168 176 43

 29 37 75 121 96

 53 36 64 125 107 33 91 76 8 136
 133 88 87 10 38 196 153 164
 132 24 97 115 85 0 177 72 131 17 80
 188 62 113 138 59 193 78
 74 68 11 7 5 19 184 40 103
 109 65 146 140 100 54 165
 90 106 48 143 69 148 149 190 39 45
 170 52 47 158 186 119 199
 118 66 169 104 101 15 122 127
 198 22 49 155 6 189 21 126 81 197
 120 86 83 13 171 60 130
 67 156 124 50 162 116 174 112 175 63 160
 179 172 180 114 139 150 71 23 105 181 123
 41 12 108 134 57 31 28 4 178 26 191 18 32 14
 56 95 89 183 16 142 20 61 157 147 9 195
 152 117 98 55 137 145 128 141
 182 58 79 166 187 94 73 77 154
 135 161 46 44 163 42 173
 84 92 1 99 25 144 167
 82 185 194 102 27 70 2 110 30

93710

 62

 81
 22 113 58 126 197 155 154 49
 29 142 20 147 7 16 9 95 109 89 157 61
 23 139 71 172 10 114 150 189 105 180 141 123
 101 127 138 66 15 169 118 78
 198 21 144 1 167 25 92 6
 121 140 146 181 65 179
 194 27 160 82 2 185 110 102
 51 159 3 35 129 151 93 111 192 34
 47 38 164 88 87 56 153 133
 103 125 136 196 195 145 183
 161 44 135 46 163 42 173
 98 14 4 12 70 43 134 57 30 26 32
 112 67 63 174 116 124 54 175 162 156 50
 76 8 107 91 64 199 36 158 33 53
 171 83 86 60 130 120 13
 74 11 19 40 184 68 5 37
 143 69 190 106 149 84 90 45 48 39
 168 28 188 176 193 41 31 18 178 191 108
 170 52 128 137 55 119 117 186
 131 132 0 97 24 177 17 80 115 85 72
 94 100 79 182 187 166 59 77 73
 75 96 104 99 152 165 148 122

91628

 39 177 149 148 131 45 106 190 90
 33 125 53 91 158 87 36 119 8
 1 6 25 144 21 81 198 92
 24 72 85 132 17 115 175 80 0 67 112 97 63

 26 41 28 31 18 191 4 32 14 12 43 57 108 178
 19 7 40 37 29 68 5 11

 111 159 64 199 35 93 76 34 3 151 107 192
 169 127 118 78 101 104 66 15
 10 145 153 196 88 164
 56 89 95 20 195 16 157 183 9 147 142 61
 48 96 143 75 122 51 84 69
 62 121 74 103 136 184
 171 27 102 194 129 70 110 30
 109 65 140 165 179 146
 187 58 154 77 79 166 59 182 73
 156 2 82 162 50 116 174 160 185
 152 98 134 55 176 128 117 137
 113 22 197 126 155 141 49 189
 60 83 130 138 13 120 86
 52 167 44 99 186
 163 161 170 135 47 46 173 42
 105 133 23 114 139 71 172 123 150 180 38 181
 168 100 188 193 94 54 124

87987

 33 107 125 76 91 64 36 8 53 136

 52 158 170 47 119 186
 98 128 30 55 26 12 117 137 194 70
 7 103 75 121 96 29
 179 23 140 181 139 71 105 180 114 172
 120 86 60 13 171 130 83
 85 177 80 48 97 132 0 131 17 72 24
 92 167 1 25 99 144
 82 129 27 110 102 2
 145
 149 106 39 143 69 152 90 45 148 190
 164 10 88 38 123 133 87 150 153
 198 141 155 197 81 21 189 49 6
 184 68 74 19 37 40 5 11
 78 62 168 43 188 138
 73 166 79 84 77 187 94 54 182
 115 112 185 124 116 174 160 175 63 162 156
 56 9 20 195 142 165 147 183 16 196 157
 66 15 122 104 101 169 127 118
 113 59 126 154 22 58 100
 44 42 161 173 163 46 135
 35 51 111 199 3 192 93 159 34 151
 95 109 65 61 89 67 146 50
 134 28 18 31 4 191 178 193 176 57 108 32 41 14

89920

 65 89 142 95 61 157 16 109 147 146

 33 158 8 119 91 53 36 52
 44 47 42 46 135 173 163 170
 114 172 181 180 139 150 105 23 123 179 71
 100 79 77 59 73 58 182 94 166
 19 184 5 68 121 11 103 40
 97 17 0 72 156 80 24 112 63 67 132 115 85
 108 98 31 18 4 32 43 57 14 134 28 26
 178 176 78 193 188 168 138 191 41
 124 12 128 55 54 137 117
 136
 162 50 186 82 2 160 116 175 174
 60 83 13 120 86 171 130
 6 7 37 81 29 21 198 74
 9 56 196 183 145 195 20
 1 167 25 144 99 92
 140 154 161 187 62
 110 194 185 27 129 70 102 30
 141 126 155 113 189 22 197 49
 149 106 39 45 190 90 152 69 143 148
 10 88 38 125 164 87 133 153
 34 199 35 64 76 111 159 3 192 107 151 93
 122 15 66 169 127 101 104 118
 48 177 165 96 75 51 131 84

88544

 12 117 98 128 55 137
 84 48 152 100 177 54 94

 136
 140 146 65 121 68
 13 60 120 86 168 83 138
 11 74 37 40 29 5 19 184 7
 72 63 24 112 97 156 124 17 67 85 0 115 132
 169 104 96 101 78 127 75 15 118
 58 187 154 79 73 77 59 182 166
 22 49 126 155 6 189 21 81 197 198
 167 144 99 92 25 1
 141 109 122 165 66
 102 80 27 194 110 185 171 30 70
 53 125 76 87 33 36 91 64 196 8
 119 52 44 158 113
 51 3 151 93 35 34 111 192 199 107 159 103
 145 10 133 164 88 38 153
 193 57 43 28 134 14 41 32 191 4 18 178 26 31
 163 173 161 170 46 47 42 135
 108 130 176 129 188 62
 95 142 20 56 147 61 9 195 89 157 16 183
 106 149 143 69 90 45 131 190 39 148
 82 50 160 174 2 186 162 175 116
 179 181 105 114 23 180 172 71 123 150 139

89374

 49 71 23 105 150 197 141 180 114 172 189 139 123
 10 133 88 87 38 153 164
 13 41 4 191 193 188 108 31 28 18 176 178
 56 195 183 196 145 20 9

 5 37 184 11 19 74 40 68

 125 36 158 76 53 33 8 64 91
 101 66 75 104 96 127 118 169 122
 181 179 146 140 65
 69 143 149 90 84 131 39 190 45 106
 7 95 89 29 147 165 109 61 157 142 16
 67 132 0 97 63 156 85 72 48 175 50 17 24 112
 160 2 186 116 102 174 162 82
 134 55 98 43 57 12 117 14 137 26 32
 54 124 148 115 177 152
 107 151 93 136 111 35 199 159 3 34 192
 44 170 47 173 52 119 46
 86 168 138 83 60 120 130
 99 21 25 81 198 6 144 1
 94 58 187 79 73 166 100 182 77
 155 103 121 62 15 78
 80 185 70 30 194 110 27 128
 163 113 135 42 161 22 59 154
 171 129 92 51 167 126

88437

 176 168 43 134
 19 29 68 7 37 5 40 11
 164 10 114 88 23 38 172 71 180 150 133
 3 75 111 35 192 93 51 159 34 96 151

 92 99 144 25 167 1
 117 55 128 137
 8 107 91 199 76 36 33 53 64 158
 116 174 185 80 67 156 112 162 194 63 175 50
 9 20 146 16 61 157 65 179 140 89 142
 129 165 95 109 147
 197 139 21 81 123 141 105 6 189 198
 181 188 138 62 193 78
 49 126 84 54 124 155
 86 13 171 60 130 83 120
 73 187 94 100 58 77 166 182 79
 31 191 4 26 108 57 30 18 28 178 98 14 12 70 41 32
 152 177 48 85 17 97 24 115 132 72 0
 66 122 127 101 169 15 104 118
 184 125 136 74 103 121
 106 45 90 149 131 69 190 143 39 148
 56 145 153 183 195 87 196
 160 186 27 102 110 82 2
 173 52 46 119 44 47 170
 135 22 59 42 163 161 154 113

87912

 111 192 129 51 159 151 35 34 3 93
 168 176 43

 29 37 75 121 96

 53 36 64 125 107 33 91 76 8 136
 133 88 87 10 38 196 153 164
 132 24 97 115 85 0 177 72 131 17 80
 188 62 113 138 59 193 78
 74 68 11 7 5 19 184 40 103
 109 65 146 140 100 54 165
 90 106 48 143 69 148 149 190 39 45
 170 52 47 158 186 119 199
 118 66 169 104 101 15 122 127
 198 22 49 155 6 189 21 126 81 197
 120 86 83 13 171 60 130
 67 156 124 50 162 116 174 112 175 63 160
 179 172 180 114 139 150 71 23 105 181 123
 41 12 108 134 57 31 28 4 178 26 191 18 32 14
 56 95 89 183 16 142 20 61 157 147 9 195
 152 117 98 55 137 145 128 141
 182 58 79 166 187 94 73 77 154
 135 161 46 44 163 42 173
 84 92 1 99 25 144 167
 82 185 194 102 27 70 2 110 30

{{111, 192, 129, 51, 159, 151, 35, 34, 3, 93}, {168, 176, 43}, {}, {29, 37, 75, 121, 96}, {}, {53, 36, 64, 125, 107, 33, 91, 76, 8, 136}, {133, 88, 87, 10, 38, 196, 153, 164}, {132, 24, 97, 115, 85, 0, 177, 72, 131, 17, 80}, {188, 62, 113, 138, 59, 193, 78}, {74, 68, 11, 7, 5, 19, 184, 40, 103}, {109, 65, 146, 140, 100, 54, 165}, {90, 106, 48, 143, 69, 148, 149, 190, 39, 45}, {170, 52, 47, 158, 186, 119, 199}, {118, 66, 169, 104, 101, 15, 122, 127}, {198, 22, 49, 155, 6, 189, 21, 126, 81, 197}, {120, 86, 83, 13, 171, 60, 130}, {67, 156, 124, 50, 162, 116, 174, 112, 175, 63, 160}, {179, 172, 180, 114, 139, 150, 71, 23, 105, 181, 123}, {41, 12, 108, 134, 57, 31, 28, 4, 178, 26, 191, 18, 32, 14}, {56, 95, 89, 183, 16, 142, 20, 61, 157, 147, 9, 195}, {152, 117, 98, 55, 137, 145, 128, 141}, {182, 58, 79, 166, 187, 94, 73, 77, 154}, {135, 161, 46, 44, 163, 42, 173}, {84, 92, 1, 99, 25, 144, 167}, {82, 185, 194, 102, 27, 70, 2, 110, 30}}
93710 89452,3
Process returned 0 (0x0)   execution time : 610.617 s
Press any key to continue.
