instancias-Grupos/TipoD/200_25_B.txt

 139 67
 96 198 95 111 92 169 41 187 182 180 125
 94 39 192 78 18 22 37 43

 123 73 23 196 88 36 84
 1 178 87 127 130 101 5
 161 89 27 76 75 16 71 57 114
 99 184 104 121 194 8 44 58 40 138
 179 6 117 148 160 149 90
 116 98 141 69 199 107 181 140 151 152
 56 166 15 135 112 197 175 31 153
 119 163 68 60 19 173 186 50
 38 190 47 14 128 113 131 165
 189 70 11 102 17 72 134 4 24 13
 159 145 176 133 79 174 103 154 10 150 65
 118 35 20 177 12 74 155 129 136
 85 25 28 106 191 34 167 49
 9 64 21 146 108 164 82
 59 54 100 91 45 30 93
 48 29 110 120 53 143 86
 172 126 122 137 162 46 188 132 62 55 32
 42 61 142 77 183 171 83 168 195
 105 63 115 66 26 144 81 51 158 109 7 0
 80 170 157 156 33 2 97 3
 147 193 52 124 185

89874

 19 163 60 119 50 173 14
 117 179 62 137 55 149 90 160 132 162 188
 104 44 80 35 40 194 58 148 8 184
 25 167 47 113 128 165 190 34 49 131
 89 76 114 27 181 71 57 16
 126 20 122 172
 70 24 38 72 189 4 11 13 134 17
 33 157 3 156 97 182 170
 52 28 185 85 191 106 15

 65 159 150 133 10 174 193 154 103 147 79
 143 51 111 120 110 48 86 67
 64 146 63 82 164 108 9 2
 112 138 75 166 121 175 31 99 161 197
 21 74 155 177 118 129 91 12 136
 95 92 96 29 125 139 169 41 198 180
 171 183 42 77 168 61 98 83 142
 56 135 124
 6 153 1 145
 109 105 53 66 158 81 115 0 26 7 144
 84 123 73 36 88 23 187 196
 5 186 130 87 68 101 127 178
 199 141 102 140 152 151 107 69 195 116
 93 30 54 46 45 32 59 100
 37 94 43 192 39 22 78 18 176

88336

 126 93 54 91 45 30 46 100
 68 173 60 19 186 119 163 50
 77 195 168 78 83 37 22 61 171 18

 81 144 158 66 111 51 7 105 63 109 0 26
 47 127 87 178 130 5 165 101
 64 164 115 82 9 146 108
 182 170 97 156 33 67 3
 52 34 106 49 167 191 25 28
 110 142 183 120 53 48 86
 29 96 125 95 180 143 41 92 169 198
 116 152 199 98 141 69 151 43 39 192 94 107
 2 80 44 99 138 8 40 58 184 194 104

 20 129 155 136 65 35 118 12 177 74
 189 134 4 102 72 70 13 17 24 11
 175 121 166 112 153 157 31
 6 117 71 160 16 59
 187 73 23 84 123 88 36 196
 137 149 32 132 122 90 172 179 188 62 55 162
 185 56 197 15 124 85 135
 148 190 42 14 131 113 128
 193 176 154 150 133 79 174 147 10 159
 57 89 27 181 75 161 76 114 140
 1 38 139 103 21 145

88351

 190 14 113 131 128
 60 173 186 163 50 19 119 68
 146 9 63 164 105 82 64
 147 79 174 150 133 154 193 10 159 176
 55 126 32 132 46 137 122 93 59 188

 189 116 152 199 98 141 107 38 69 151
 28 49 34 106 52 25 167 191

 136 118 145 91 155 177 74 65 129
 168 78 18 192 61 39 43 94 195 171 183 83
 36 48 187 198 125 180 120 86 29 41
 80 153 157 33 156 97 3 170
 72 13 102 24 134 11 17 4 103 70
 99 175 75 181 76 114 16 27 161
 124 112 135 197 56 15 31 85 166
 196 110 89 57 143 71 140
 123 84 77 142 73 23 42
 149 90 62 6 160 179 185 117
 162 172 20 148 12 21 35
 66 81 158 109 0 144 51 7 53 108 115 26
 88 127 101 47 87 130 165 5 178
 100 22 1 30 37 45 54
 121 44 194 138 8 2 40 184 104 58
 139 169 182 111 67 95 92 96

85338

 106 191 28 185 52 85 15


 169 96 92 29 187 180 198 95 125 41 120
 27 76 57 181 140 89
 67 22 42 117 6
 59 160 90 55 149 188 179 46 62 137 32
 9 146 63 64 164 82 2 108
 94 192 199 78 141 151 152 69 39 107 43
 54 65 1 100 145 45 30 93
 147 53 143 110 48 98 86
 112 114 56 31 197 135 124 166 75
 115 0 105 109 26 51 144 66 111 81 7 158
 36 196 88 73 84 23 123
 193 79 10 159 154 174 176 133 150 103
 72 134 70 4 24 11 189 116 102 13 17
 132 122 172 148 162 20 126
 91 136 177 21 118 74 155 129 12
 182 3 156 157 139 97 33
 167 25 131 128 34 47 190 113 49 165
 183 168 77 37 142 171 61 83 18 195
 38 5 130 101 14 178 127
 163 87 186 173 19 50 68 119 60
 58 44 40 35 170 184 104 8 80 138 194
 153 175 16 161 71 121 99

91319

 111 48 120 110 86 143 29
 37 39 18 78 43 94 192 22
 56 166 175 135 31 124 112 197
 46 188 137 93 59 132 54 55 126 32
 3 170 182 33 97 157 156
 0 109 53 67 26 7 63 81 66 51 158 144

 25 167 34 28 185 106 15 85 49
 153
 2 184 58 121 80 8 194 44 138 40
 181 16 27 71 99 114 161 75
 159 150 154 193 145 176 10 133 174 79 65
 186 60 163 68 119 19 173 50
 128 14 57 190 113 76 140 131 89
 142 183 42 83 195 77 168 171 61
 147 160 149 6 117 62 90 179
 123 73 196 36 84 23 88
 180 95 96 139 92 187 198 169 41 125
 164 9 105 82 115 108 64
 172 104 20 35 148 162 122
 21 118 136 74 12 177 155 129 146
 127 101 5 165 130 178 47 87
 72 24 11 70 102 103 17 134 4 13
 52 1 191 100 30 45 91
 199 107 151 141 152 38 189 116 69 98

88745

 7 66 63 144 81 0 53 108 109 26 105
 8 64 2 80 58 194 82 44 40 104
 93 91 1 145 65 45 30 100
 86 111 143 41 115 180 120 158 48 51

 178 130 5 50 68 127 186 119 87

 128 14 101 190 131 113 165 47
 154 150 10 159 133 193 103 174 79 176
 78 43 146 94 9 192 22 39
 52 124 85 56 15 135 185
 114 161 75 57 76 16 89 71 27
 55 160 59 32 137 179 46 90 188 6
 197 112 121 166 175 153 99 138 31
 29 182 198 96 92 169 139 125 95
 136 155 164 177 74 12 118 21 129
 34 25 191 49 167 28 106
 77 195 61 37 42 18 183 168 171 83
 157 33 170 184 97 156 67 3
 19 163 140 60 173 181
 147 142 38 20 126 54
 35 122 148 149 162 172 132 62
 70 24 17 11 134 189 4 13 102 72
 117 107 98 152 141 199 116 69 110 151
 187 88 73 196 123 36 84 23

87864

 181 57 76 27 89 140 71

 116 98 152 69 199 151 107 141
 188 30 59 54 46 45 93 126
 11 70 38 134 4 17 13 189 102 72

 80 97 156 182 3 170 33 157
 193 24 159 150 154 79 10 174 103 176 133
 195 168 61 171 142 83 77 183 42
 40 58 104 8 194 44 138 99 121 184
 135 124 197 75 56 16 15 161 114
 63 108 2 82 164 9 64 146
 143 48 67 110 53 120 86
 129 118 21 145 136 155 65 177 74
 198 95 96 187 92 180 41 125 169 139
 68 60 19 113 173 119 50 131 163 190
 12 172 122 162 35 132 20 148
 128 147 73 1 100 91
 87 186 101 14 178 127 130 165
 105 0 26 81 144 51 66 111 109 7 115 158
 78 39 192 94 43 22 18 37
 160 117 32 55 137 62 179 6 90 149
 191 25 167 34 106 47 28 49 85
 153 175 185 52 112 166 31
 88 123 84 196 29 23 36 5

89592

 110 69 141 116 152 151 98 199 107

 53 41 120 111 86 143 180 51 158 48
 103 176 193 147 10 133 159 154 174 150
 173 50 186 19 119 60 68 163
 13 134 189 17 4 79 72 24 11 102 70
 25 33 157 170 167 156 3 97
 78 94 43 39 192 22
 164 64 2 82 146 9 67
 125 139 198 96 92 169 29 95 182
 56 175 135 166 31 153 197 112
 137 188 160 62 179 149 55 117 6 90
 123 73 187 84 36 196 23 88
 15 191 106 52 49 85 34 185
 40 44 8 138 58 194 104 184 121 80
 148 162 35 132 122 20 172
 30 65 100 145 1
 115 63 105 26 7 0 108 109 81 66 144
 5 165 178 87 127 47 130 101
 42 140 76 89 57 181
 142 83 195 168 77 18 61 183 37 171
 38 131 28 190 128 113 14
 155 74 12 129 21 91 177 118 136
 32 93 126 54 59 46 45
 124 161 99 114 27 71 16 75

91728

 175 153 112 197 135 166 31

 168 116 110 151 98 152 69 141 107 199
 81 144 66 26 82 67 51 0 53 63 108
 20 155 145 118 129 136 91 65
 147
 172 122 126 148 132 162 35
 3 33 157 182 97 170 139
 56 52 85 185 124 15 191
 121 119 163 60 14 173 19 50
 40 80 184 44 99 194 104 138 8 58 2
 196 88 73 36 23 84 123
 169 125 187 41 120 92 95 198 96 29 180
 179 137 55 160 32 188 149 90 117 62 46
 71 27 76 75 181 16 114 161
 47 167 156 106 49 28 25 165 34
 109 140 38 105 6 57 89
 13 17 24 11 134 189 72 102 7 115 4
 101 87 186 127 68 130 5 178
 183 83 77 61 171 142 42 18 195
 143 48 113 131 128 86 111 158 190
 74 177 64 21 146 164 12 9
 70 39 37 94 43 192 22 78
 93 54 100 1 59 45 30
 133 154 10 79 174 150 176 159 193 103

85697

 110 69 141 116 152 151 98 199 107

 53 41 120 111 86 143 180 51 158 48
 103 176 193 147 10 133 159 154 174 150
 173 50 186 19 119 60 68 163
 13 134 189 17 4 79 72 24 11 102 70
 25 33 157 170 167 156 3 97
 78 94 43 39 192 22
 164 64 2 82 146 9 67
 125 139 198 96 92 169 29 95 182
 56 175 135 166 31 153 197 112
 137 188 160 62 179 149 55 117 6 90
 123 73 187 84 36 196 23 88
 15 191 106 52 49 85 34 185
 40 44 8 138 58 194 104 184 121 80
 148 162 35 132 122 20 172
 30 65 100 145 1
 115 63 105 26 7 0 108 109 81 66 144
 5 165 178 87 127 47 130 101
 42 140 76 89 57 181
 142 83 195 168 77 18 61 183 37 171
 38 131 28 190 128 113 14
 155 74 12 129 21 91 177 118 136
 32 93 126 54 59 46 45
 124 161 99 114 27 71 16 75

{{110, 69, 141, 116, 152, 151, 98, 199, 107}, {}, {53, 41, 120, 111, 86, 143, 180, 51, 158, 48}, {103, 176, 193, 147, 10, 133, 159, 154, 174, 150}, {173, 50, 186, 19, 119, 60, 68, 163}, {13, 134, 189, 17, 4, 79, 72, 24, 11, 102, 70}, {25, 33, 157, 170, 167, 156, 3, 97}, {78, 94, 43, 39, 192, 22}, {164, 64, 2, 82, 146, 9, 67}, {125, 139, 198, 96, 92, 169, 29, 95, 182}, {56, 175, 135, 166, 31, 153, 197, 112}, {137, 188, 160, 62, 179, 149, 55, 117, 6, 90}, {123, 73, 187, 84, 36, 196, 23, 88}, {15, 191, 106, 52, 49, 85, 34, 185}, {40, 44, 8, 138, 58, 194, 104, 184, 121, 80}, {148, 162, 35, 132, 122, 20, 172}, {30, 65, 100, 145, 1}, {115, 63, 105, 26, 7, 0, 108, 109, 81, 66, 144}, {5, 165, 178, 87, 127, 47, 130, 101}, {42, 140, 76, 89, 57, 181}, {142, 83, 195, 168, 77, 18, 61, 183, 37, 171}, {38, 131, 28, 190, 128, 113, 14}, {155, 74, 12, 129, 21, 91, 177, 118, 136}, {32, 93, 126, 54, 59, 46, 45}, {124, 161, 99, 114, 27, 71, 16, 75}}
91728 88684,4
Process returned 0 (0x0)   execution time : 610.548 s
Press any key to continue.