instancias-Grupos/TipoD/20_5_B.txt

 12 2 8 9
 4 17 7 13 11 0
 19 14 1
 16 6
 3 5 18 15

1312

 14 19
 13 2 9 17 11
 8 6
 5 10 1
 3 4 12 18 0 15 7

784

 0 4 11 17 7 13
 19 14
 18 6 16
 2 8 12 9
 15 3 1 10

1312

 16 6
 11 0 4 13 7 17
 19 18 14
 12 2 8 9
 3 15 10 5

1312

 16 6
 0 11 17 4 7 13
 8 2 9 12
 14 19 18
 5 10 15 3

1312

 12 2 8 9
 14 19
 7 0 4 13 11 17
 5 15 1
 18 3 10 16

1285

 14 19
 9 2 8 12
 16 6
 15 18 5 10
 7 3 17 11 13 4 0

1312

 2 8 9 12
 11 19 14 17 4
 10 18
 16 6 5
 15 7 13 0 1 3

688

 16 6
 19 14
 13 7 17 0 11 4
 2 9 8 12
 3 18 5 15

1312

 7 11 17 0 13 4
 16 6
 2 12 8 9
 19 10 14
 1 18 3 15

1312

 12 2 8 9
 4 17 7 13 11 0
 19 14 1
 16 6
 3 5 18 15

{{12, 2, 8, 9}, {4, 17, 7, 13, 11, 0}, {19, 14, 1}, {16, 6}, {3, 5, 18, 15}}
1312 1194.1
Process returned 0 (0x0)   execution time : 610.112 s
Press any key to continue.