instancias-Grupos/TipoD/20_5_B.txt

 0 13 4 11 7 17
 2 8 9 12
 14 19
 16 6 15
 10 5 18 3

1312

 6 16
 17 13 14 19 11
 2 9 8 12
 0 5 7 4
 15 18 3 10

867

 9 2 12 8
 0 4 17 13 7 11
 14 19
 10 6 16
 3 5 15 18

1312

 17 0 11 4 13 7
 12 2 9 8
 16 6
 1 5 10
 14 19 15 18 3

1312

 2 8 9 12
 6 16
 4 11 17 7 13 0
 14 3 19
 15 5 10 18

1312

 6 16
 17 0 7 11 13 4
 2 9 12 8
 1 5
 10 15 3 19 18

1303

 14 19
 10 1
 15 7 0 13 17 11 4
 2 9 12 8
 3 16 5 18

1285

 19 14
 8 12 2 9
 4 13 17 0 7 11
 5 16 6
 15 3 18 10

1312

 2 8
 5 19 14
 17 13 1 11 4
 18 6 16
 12 10 15 0 7 3

1031

 19 14
 8 1 5
 6 16 10
 0 7 11 13 17 4 15
 9 12 2 18 3

1268

 0 13 4 11 7 17
 2 8 9 12
 14 19
 16 6 15
 10 5 18 3

{{0, 13, 4, 11, 7, 17}, {2, 8, 9, 12}, {14, 19}, {16, 6, 15}, {10, 5, 18, 3}}
1312 1231,4
Process returned 0 (0x0)   execution time : 611.758 s
Press any key to continue.
