instancias-Grupos/TipoD/30_5_A.txt

 20 19 9 29 11 7 16
 27 23 2 10
 6 5 25 1 21
 3 17 8 15 24 0
 28 22 13 14 26 18 12 4

4389

 14 12 18 28 26 13 4
 10 23 8 3
 15 25 24 0 17 1
 29 19 7 11 5 16
 20 9 21 6 2 27 22

4303

 25 6 21 1
 8 23 3 10
 2 19 24 17 27 0
 20 16 11 7 29 5 9
 12 4 22 28 26 14 18 13

4462

 20 7 16 9 29
 15 17 0 23 10 24
 5 27 2 11 19
 12 14 18 4 3 28 26
 8 6 13 22 21 25 1

4319

 15 2 27
 28 26 13 14 18 12 4
 20 29 16 9 7 5 11
 22 24 23 17 10 0 19
 25 1 3 8 6 21

4462

 1 2 27 25
 10 23 19 11 5
 6 0 24 21 17 3 8
 12 14 28 26 4 13 18
 22 7 29 20 15 16 9

4309

 15 23 10
 1 25 2 21 6 27
 29 11 7 19 5 16
 26 14 28 13 4 12 18
 20 22 8 9 0 3 17 24

4433

 7 16 20 11 9 29 19
 15 27 21 2 6
 17 14 24 0 26 12 18 4 28
 8 10 23 3
 25 22 13 1 5

4172

 12 28 26 4 18 14 13
 10 17 23 0 24
 7 15 9 29 16 20
 21 25 3 6 1 8
 19 27 11 2 22 5

4439

 9 7 11 16 29 20 5
 21 25 6 1 2 27
 23 24 10 0 17
 12 28 14 13 4 18 26
 8 22 19 15 3

4462

 25 6 21 1
 8 23 3 10
 2 19 24 17 27 0
 20 16 11 7 29 5 9
 12 4 22 28 26 14 18 13

{{25, 6, 21, 1}, {8, 23, 3, 10}, {2, 19, 24, 17, 27, 0}, {20, 16, 11, 7, 29, 5, 9}, {12, 4, 22, 28, 26, 14, 18, 13}}
4462 4375
Process returned 0 (0x0)   execution time : 610.123 s
Press any key to continue.
