instancias-Grupos/TipoD/30_5_A.txt

 25 11 5 1 19
 3 2 27 8
 20 15 16 7 9 29
 21 23 24 0 10 17 6
 13 4 22 26 12 18 28 14

4309

 23 5 11 7 29 10
 25 13 1
 3 8 24 0 15 17
 20 2 9 16 19 27
 4 21 6 28 14 18 26 22 12

3755

 19 11 17 0 5 24
 3 8 27 2
 20 16 7 29 9
 10 1 21 23 25 6
 18 22 12 26 13 4 14 28

4439

 14 12 4 13 26 18 28
 3 27 8 2
 0 10 17 23 24 15
 11 29 7 16 9 5 20
 25 6 21 1 19 22

4462

 10 23 0 24 17
 19 27 15 2
 29 7 20 9 16 11 5
 22 28 12 18 4 14 13 26
 1 8 6 21 3 25

4462

 26 28 18 4 13 12 14
 3 8 10 23
 2 6 27 21 24 0 17
 16 29 7 9 20 15
 5 1 11 25 19 22

4309

 13 12 18 26 14 28 4
 10 1 25 23
 27 0 24 2 17
 22 9 15 3 16 8 20
 21 29 11 7 5 6 19

4221

 12 4 13 14 26 28 18
 16 15 9 20 2 27
 23 8 10 3
 11 5 19 6 29 21 7
 22 17 24 1 25 0

4221

 27 8 2 3
 10 23 25 1
 0 24 5 19 11 17
 13 29 7 20 16 9
 4 28 18 26 14 6 21 12 22

4222

 23 10 8 3
 27 2 15
 18 26 0 17 4 24 14 12 28
 19 9 16 20 7 29 11
 1 5 25 6 21 22 13

4302

 14 12 4 13 26 18 28
 3 27 8 2
 0 10 17 23 24 15
 11 29 7 16 9 5 20
 25 6 21 1 19 22

{{14, 12, 4, 13, 26, 18, 28}, {3, 27, 8, 2}, {0, 10, 17, 23, 24, 15}, {11, 29, 7, 16, 9, 5, 20}, {25, 6, 21, 1, 19, 22}}
4462 4270.2
Process returned 0 (0x0)   execution time : 610.139 s
Press any key to continue.
