instancias-Grupos/TipoD/30_5_B.txt

 23 29 15 28 25
 1 19 20 14 12
 5 10 16 6 27
 9 8 18 22 2
 17 0 21 3 26 4 7 13 11 24

3310

 13 17 0 4 7 24 11 21 26
 19 14 25 28 15
 22 1 12 20 18
 5 6 10 23 29
 16 9 2 27 8 3

3283

 13 17 2 21 24 4 11 9
 6 27 16
 0 29 7 18 26 22 23
 14 19 1 12 8 20
 5 10 25 15 28 3

2990

 29 6 27 23 16
 13 7 0 21 24 11 17 4 26
 9 12 2 20 14 19
 10 5 18 22
 28 15 3 1 25 8

3278

 11 13 26 24 7 23 17 29
 25 15 28 4 21
 0 18 20 22 12
 14 9 19 2 10 8
 5 1 6 27 3 16

2306

 6 5 2 8 9
 28 25 16 15 27
 11 7 21 24 17 13 4 0 26
 23 12 29 20 1
 18 10 22 14 19 3

3283

 2 14 22 19 18 9
 27 6 29 16 23
 11 24 21 17 13 4
 7 15 28 26 20 0 12
 1 10 5 25 3 8

2879

 16 20 6 12 27
 25 15 22 28 18
 2 10 9 8 1
 17 24 26 0 13 4 11 21 7
 3 14 23 29 19 5

3310

 21 4 24 17 13 11
 14 5 8 19 9 2
 1 26 0 29 23 7
 3 16 27 12 6 20
 22 10 18 25 15 28

3010

 18 22 29 23
 10 25 1 14 19
 17 24 21 15 28 4 13 11
 2 5 6 9 8
 12 27 26 20 7 3 16 0

2896

 23 29 15 28 25
 1 19 20 14 12
 5 10 16 6 27
 9 8 18 22 2
 17 0 21 3 26 4 7 13 11 24

{{23, 29, 15, 28, 25}, {1, 19, 20, 14, 12}, {5, 10, 16, 6, 27}, {9, 8, 18, 22, 2}, {17, 0, 21, 3, 26, 4, 7, 13, 11, 24}}
3310 3054,5
Process returned 0 (0x0)   execution time : 610.136 s
Press any key to continue.