instancias-Grupos/TipoD/30_5_B.txt

 27 23 6 29 16
 9 12 8 20 2
 5 17 13 24 4 21 11
 10 18 14 22 19
 3 7 28 25 26 1 0 15

3022

 12 2 9 20 8
 6 15 16 27 28
 11 0 24 21 17 4 7 26 13
 1 14 22 18 19
 25 29 23 5 10 3

3235

 1 2 8 9
 10 25 18 22 15 28
 21 11 26 17 4 13 24 0 7
 16 27 19 14 6
 23 29 3 12 20 5

3310

 9 23 8 29 2
 11 13 12 24 21 20 4 17
 25 16 27 15 28
 26 22 18 1 0 7
 5 19 6 10 14 3

3000

 20 10 12
 4 17 11 21 28 24 13 15
 27 29 23 6 16
 18 25 14 5 22 19
 3 26 7 1 8 9 0 2

2950

 12 18 20 22
 1 25 28 19 14 15
 26 29 9 23 2 0 7
 21 17 4 5 11 13 24
 16 6 10 3 8 27

2993

 22 2 18 8 9
 6 20 27 12 16
 14 23 10 29 19
 28 25 5 7 26 15 0
 21 13 11 17 3 24 1 4

3010

 25 15 12 20 28
 27 8 6 16
 21 2 24 4 9 17 11 13
 1 19 22 14 18
 10 29 23 3 5 7 0 26

2990

 0 21 11 24 7 13 26 17 4
 19 14 29 23
 10 5 1 12 20
 18 22 27 16 6
 15 3 8 25 9 28 2

3310

 6 23 16 27 29
 25 20 28 15 12
 9 0 7 26 8 2
 4 14 13 11 21 19 17 24
 22 10 5 18 1 3

3037

 1 2 8 9
 10 25 18 22 15 28
 21 11 26 17 4 13 24 0 7
 16 27 19 14 6
 23 29 3 12 20 5

{{1, 2, 8, 9}, {10, 25, 18, 22, 15, 28}, {21, 11, 26, 17, 4, 13, 24, 0, 7}, {16, 27, 19, 14, 6}, {23, 29, 3, 12, 20, 5}}
3310 3085.7
Process returned 0 (0x0)   execution time : 611.245 s
Press any key to continue.