instancias-Grupos/TipoD/30_10_A.txt

 12 26 14
 20 9
 1 25
 11 19 5
 3 8
 15 13
 2 24 0 17
 23 10
 29 22 7 16
 4 21 18 6 28

2978

 23 10
 11 19 5
 12 26 14
 2 27
 1 25
 3 8
 0 24 17
 29 7 16
 22 20 13 9
 4 6 28 18 21

3149

 5 19 11
 10 23
 24 6 21 17 0
 25 1
 2 27
 3 8
 29 16 7
 26 12
 20 9 13
 4 18 22 28 14

3210

 2 27
 16 20 7 9
 23 10
 21 6 29
 11 5 19
 8 3
 18 26 4 14
 17 0 24
 28 13
 12 22 25

2813

 8
 19 11 5
 25 1
 7 16 29
 23 10
 2 27
 26 13 12
 4 18 14 28
 24 6 17 0 21
 9 22 20 3

3177

 15 6 21
 27 2
 28 14 18 4
 29 7 11
 16 20 9
 10 23
 25 1
 24 0 17
 8 3
 22 26 12

2856

 3 8
 26 12
 11 19 5
 10 23
 2 27
 9 20 6 21
 1 25
 13 17 24 0
 29 7 16
 18 28 14 22 4

3210


 19 11 5
 2 17 0 24
 8 3
 12 13
 15 21 6
 10 23
 14 4 26 18
 7 9 20 28 16
 1 25 22

2819

 24 0 17
 27 2
 11 19 5
 8 3
 21 6
 10 23
 26 13 12
 4 18 28 14
 25 1
 22 16 9 20 7

3151

 19 5 11
 10 23
 27 2
 3 8
 17 0 24
 1 6 21
 29 7 16
 4 14 28 18
 26 12 25
 9 22 13 20

3163

 5 19 11
 10 23
 24 6 21 17 0
 25 1
 2 27
 3 8
 29 16 7
 26 12
 20 9 13
 4 18 22 28 14

{{5, 19, 11}, {10, 23}, {24, 6, 21, 17, 0}, {25, 1}, {2, 27}, {3, 8}, {29, 16, 7}, {26, 12}, {20, 9, 13}, {4, 18, 22, 28, 14}}
3210 3052,6
Process returned 0 (0x0)   execution time : 610.132 s
Press any key to continue.