instancias-Grupos/TipoD/30_10_A.txt

 17 0 24
 9 20 16 7
 26 12
 25 1
 5 19 11
 21 15 6
 18 28 14 4
 23 10
 3 8
 13 2 22

2980

 24 0 17
 4 12 14
 16 9 20 7
 1 25
 5 11 19

 10 15
 27 2
 21 6 8 23
 18 28 13 26 22

2784

 29 6 21
 17 24 0
 5 19 11
 27 2
 1 25
 13 28 18
 20 7 16 9
 3 8
 23 10
 22 14 26 12

2907

 8 3
 15
 4 18 14 28
 12 26
 0 17 24
 10 6 23
 1 21 25
 9 20 7 16
 27 2
 11 5 13 22

2724

 12 26 18 14
 5 19 11
 16 20 9 7

 21 1 6
 28 4 2
 10 23
 24 13 0 17
 25 15
 3 8 22

2715

 26 12
 3 8
 19 11 5
 27 2
 24 9 20 17 0
 10 23
 16 29 7
 13 25
 4 18 28 14
 22 6 15 21

3033

 5 19 11
 14 18 4 26
 2 27
 25 1
 24 0 17
 7 29 16
 3 8
 15 12
 9 6 21 20
 13 28 22 23

3006

 5 11 19
 3 8
 2 27
 16 29 7
 15
 21 1 6
 26 13 12
 14 18 28 22 4
 10 23
 17 0 9 20 24

3163

 10 23
 4 12 28
 20 27 2

 3 1
 25 6 21 24
 19 16 9
 15 13
 8 26 7 14
 5 0 11 18 22 17

1293

 0 17 24
 25
 14 4 28 18
 27 2
 10 9 20
 19 5 11
 13 12 26
 8 3
 7 29 16
 6 21 22 15

2997

 5 11 19
 3 8
 2 27
 16 29 7
 15
 21 1 6
 26 13 12
 14 18 28 22 4
 10 23
 17 0 9 20 24

{{5, 11, 19}, {3, 8}, {2, 27}, {16, 29, 7}, {15}, {21, 1, 6}, {26, 13, 12}, {14, 18, 28, 22, 4}, {10, 23}, {17, 0, 9, 20, 24}}
3163 2760.2
Process returned 0 (0x0)   execution time : 610.468 s
Press any key to continue.
