instancias-Grupos/TipoD/30_10_B.txt

 12 21 20
 17 11 4 24 13
 28 15 25
 14 19
 26 0 10 7
 27 16
 22 18
 8 2 9
 23 29
 5 6 3

2688

 19 14
 8 9 2
 11 13 24 17 4
 29 23
 18 22
 26 0 7
 5 1
 27 16
 21 10 12
 15 25 3 6

2335

 13 17 24 4 11

 28 25 15
 1 6
 18 22
 21 20 12
 5 14 19
 8 9 2
 16 23 27
 0 26 3 7 10

2621

 0 26 7
 29 23
 9 8 2
 22 18
 16 27
 4 11 21 17
 14 19
 6 12 20
 13 10 5
 28 3 15 25

1838

 24 21
 28 25 15
 22 18
 16 27
 26 13 4 7 17 11
 2 9 8
 20 12
 1 23
 19 14 10
 0 3 5 6

2204

 14 19
 21 12 20
 16 27
 8 9 2
 29 23
 6 1
 22 18
 15 10 25
 0 7 26 5
 11 24 17 4 13 3

2528

 0 26 7
 15 28 25
 9 8 2
 13 11 4 24 17
 19 14
 10 6
 29 23
 16 27
 21 12 5
 22 18 3

2495

 14 19
 12 20 21
 8 2 9
 6 5
 15 28 25
 24 11 13 17 4
 16 27
 18 22
 29 23
 0 26 7 3 10

2688

 23 29
 27 16
 13 17 24 4 11
 8 2 9
 19 14
 20 12 21
 15 25 28
 7 1 26 0
 18 22
 3 10 6

2688

 12 20 21
 6
 2 8 9
 4 11 24 13 17
 0 7 10 26
 16 27
 28 25 15
 18 22
 14 5 19
 3 29 23

2688

 12 21 20
 17 11 4 24 13
 28 15 25
 14 19
 26 0 10 7
 27 16
 22 18
 8 2 9
 23 29
 5 6 3

{{12, 21, 20}, {17, 11, 4, 24, 13}, {28, 15, 25}, {14, 19}, {26, 0, 10, 7}, {27, 16}, {22, 18}, {8, 2, 9}, {23, 29}, {5, 6, 3}}
2688 2477,3
Process returned 0 (0x0)   execution time : 610.073 s
Press any key to continue.