instancias-Grupos/TipoD/30_10_B.txt

 23 29
 19 14
 21 12 20
 25 28 15
 18 22
 9 8 2
 6 10
 17 24 13 4 11
 26 7 1 0
 27 16 3

2688

 16 6
 5
 14 1
 12 20 9
 29 23
 24 4 13 21
 19 18 22
 7 17 26 11 0
 15 28 25
 2 3 27 8

2288

 15 28 25
 0 17 7 11 26
 24 4 13 21
 2 8 9
 23 29
 1 5
 6 16
 18 22
 14 19 10
 20 3 12 27

2371

 9 2 8
 10 12 20
 23 29
 18 22
 14 19
 1 6
 16 27
 11 17 0 26 7
 13 21 4 24
 15 25 28 3

2442

 19 14
 6 16
 28 25 15
 2 8 9

 7 0 26 10
 12 20 27
 18 21 23
 5 1
 11 24 17 13 4 3

2396

 13 17 24 11 4
 16 27

 20 26 0 7
 12 6 21
 9 2 8
 14 19
 25 22
 10 5 18
 15 1 23 3

2108

 21 9
 24 4 17 13 11

 20 25 12
 18 22 2
 27 16 23
 6 26 7 0
 5 28 15
 10 8 19
 1 3 14

2402


 16 27
 7 17 26 11 0
 22 1
 15 29 8
 13 21 24 4
 12 14 20
 2 9 5
 23 6 19
 25 3 10 18

2002

 23 29
 11 13 4 17 24
 2 8 9
 15 25 28
 22 18
 19 14
 10 6
 16 27
 21 20 12
 3 26 0 7 5

2688

 25 28 15

 21 24 26 0
 12 20 14
 9 7 2
 22 18
 4 16 11 13 17
 6 1
 23 5 10
 8 19 3 27

1759

 23 29
 19 14
 21 12 20
 25 28 15
 18 22
 9 8 2
 6 10
 17 24 13 4 11
 26 7 1 0
 27 16 3

{{23, 29}, {19, 14}, {21, 12, 20}, {25, 28, 15}, {18, 22}, {9, 8, 2}, {6, 10}, {17, 24, 13, 4, 11}, {26, 7, 1, 0}, {27, 16, 3}}
2688 2314.4
Process returned 0 (0x0)   execution time : 610.157 s
Press any key to continue.