instancias-Grupos/TipoD/40_5_A.txt

 4 26 31 30 18 28 12 14 13
 9 24 38 0 17 10 20 23
 3 25 34 35 1
 21 6 33 8 2 15 36 27
 11 7 32 5 39 19 29 16 37 22

6853

 6 2 25 27 21 1
 20 19 5 11 7 29 37 16 9
 4 28 32 18 31 26 14 12 30
 8 34 15 35 33 3 36
 10 39 38 17 23 24 13 0 22

8318

 35 8 27 33 36 34 2 3
 13 14 32 31 26 12 18 30 28
 38 15 10 23
 16 24 7 9 17 29 0 37 11 20
 1 22 25 19 4 21 6 5 39

6907

 38 36 8 35 10 33 34 3
 29 19 37 5 16 20 7 9 11
 13 0 24 27 2 17
 4 14 18 28 12 30 26 31 32
 1 15 25 6 22 21 23 39

8275

 9 16 29 7 11 5 20 37 19
 27 33 8 2 36
 38 21 23 10 25 1 6
 12 4 32 18 30 31 28 0 14 24 17
 3 26 34 13 39 15 35 22

7287

 29 6 11 7 1 25 37 16 21
 34 9 35 20 2 3 27
 0 4 26 17 24 30 18 14 13 12 32
 10 31 28 23 38
 39 22 8 33 36 15 5 19

6306

 13 23 0 38 24 10 17
 34 9 35 7 29 16 20 3
 27 15 25 2 1
 18 31 30 28 32 14 12 26 4
 11 33 21 19 22 8 37 39 6 5 36

7385

 9 16 29 11 5 20 7 19 37
 30 32 4 26 12 28 31 18 14
 15 25 1
 27 35 3 33 36 2 34 8
 38 24 13 39 6 10 23 17 21 0 22

8246

 26 13 28 4 18 12 14 31 30
 37 11 5 2 19 27
 23 0 24 3 35 17 34
 20 38 21 16 6 9 10 7 29
 36 1 22 25 32 33 39 15 8

6589

 10 38 9 23 20
 36 3 34 8 35 27 33 2
 32 18 26 31 4 28 12 13 14
 25 17 24 15 0 1 6 21
 29 5 16 37 19 11 22 30 39 7

7938

 6 2 25 27 21 1
 20 19 5 11 7 29 37 16 9
 4 28 32 18 31 26 14 12 30
 8 34 15 35 33 3 36
 10 39 38 17 23 24 13 0 22

{{6, 2, 25, 27, 21, 1}, {20, 19, 5, 11, 7, 29, 37, 16, 9}, {4, 28, 32, 18, 31, 26, 14, 12, 30}, {8, 34, 15, 35, 33, 3, 36}, {10, 39, 38, 17, 23, 24, 13, 0, 22}}
8318 7410.4
Process returned 0 (0x0)   execution time : 610.461 s
Press any key to continue.

instancias-Grupos/TipoD/40_5_A.txt

 31 28 12 18 32 4 26 30 14
 20 37 11 5 16 29 9 7 19
 34 38 24 3 35 10 0 17
 23 1 25 15
 8 21 36 13 6 22 27 33 2 39

7971

 32 13 18 4 26 31 14 28 12
 7 19 37 9 29 16 20 5 11
 35 30 34 2 27 3
 24 23 0 10 38 17
 33 36 21 15 22 1 25 39 6 8

8150

 29 37 16 20 19 7 11 9 5
 38 23 27 2 10
 30 12 18 26 31 4 32 28 14
 6 15 13 1 25 21
 17 35 24 3 39 36 8 22 34 33 0

8318

 10 1 25 38 23
 31 18 28 26 32 12 4 14 30
 37 11 20 5 29 9 19 16 7
 34 3 36 27 33 35 2 8
 17 6 15 22 0 24 21 13 39

8246

 25 2 27 1
 38 29 9 37 7 16 10 23
 4 32 12 28 14 18 30 26 31
 15 21 33 34 6 36 3 35 8
 22 24 17 5 0 20 39 13 11 19

7413

 38 6 10 21 1 25 23
 15 31 13 28 18
 26 2 32 30 27 12 4 14
 19 16 11 5 9 7 37 20 29
 33 36 17 22 39 0 8 3 34 24 35

7555

 9 11 20 16 5 37 7 29 19
 35 34 2 27 3
 14 31 4 26 12 32 18 30 13
 33 25 15 36 8 1
 0 28 39 22 24 17 6 21 10 38 23

7632

 1 19 5 25
 3 10 23 34 35 8 33 36
 37 9 29 0 24 38 20 16 7 17 11
 14 4 31 12 13 26 18 28 32
 22 2 30 15 27 39 21 6

7410

 1 23 38 10 25
 18 31 27 2 13 28
 29 20 16 0 17 9 24 11 7 19
 15 32 14 5 30 26 37 12 4
 22 36 8 3 33 35 6 39 21 34

6569

 4 32 31 18 30 14 13 26 12
 9 38 23 20 8 10 36 33
 15 0 27 2 17 24
 35 1 3 34 6 25 21
 5 22 28 16 11 29 19 7 37 39

7395

 29 37 16 20 19 7 11 9 5
 38 23 27 2 10
 30 12 18 26 31 4 32 28 14
 6 15 13 1 25 21
 17 35 24 3 39 36 8 22 34 33 0

{{29, 37, 16, 20, 19, 7, 11, 9, 5}, {38, 23, 27, 2, 10}, {30, 12, 18, 26, 31, 4, 32, 28, 14}, {6, 15, 13, 1, 25, 21}, {17, 35, 24, 3, 39, 36, 8, 22, 34, 33, 0}}
8318 7665,9
Process returned 0 (0x0)   execution time : 610.096 s
Press any key to continue.