instancias-Grupos/TipoD/40_5_B.txt

 3 6 16 9 27 33 2
 36 25 28 15 34 29 31 23
 37 18 39 19 14 22
 21 0 10 17 26 24 38 7 11 13 4
 1 32 12 5 8 20 30 35

5351

 10 37 22 18 39
 5 15 20 8 9 31 12 35 2
 34 0 26 7 23 25 29 28 36
 38 24 13 19 11 14 4 21 17
 27 32 1 16 30 6 3 33

5062

 23 36 30 32 1 29
 5 25 31 34 15 28 33 3
 2 19 12 35 14 9 8 20
 10 13 38 7 0 26 17 21 4 11 24
 18 27 16 39 37 6 22

5546

 3 25 15 31 33 34 28
 19 1 27 30 16 6 14
 38 10 37 18 22 39
 36 9 12 8 29 23 35 20
 24 21 2 13 7 32 26 4 11 5 0 17

5166

 18 29 36 22 39 23 37
 15 14 31 34 25 19 28
 1 6 3 32 30 33 27 16
 5 8 20 2 9 35 12
 13 38 26 10 11 21 17 0 7 4 24

5497

 18 39 14 37 33 19 3 22
 8 9 12 35 2 20
 15 31 28 23 34 36 29 25
 5 26 11 21 24 38 17 4 7 0 13
 30 32 10 6 27 1 16

5497

 14 23 36 19 29
 32 30 37 18 39 1 22
 6 34 5 28 31 25 3 15 33
 16 20 35 2 12 9 27 8
 24 21 7 0 17 10 13 11 38 26 4

5519

 34 3 14 19 25 28 15 31 33
 8 35 12 20 2 9
 22 23 36 39 37 29 18
 32 30 27 1 5 16 6
 0 21 7 11 13 10 17 24 26 4 38

5546

 11 0 26 21 24 4 7 13 17 38
 37 39 22 18 19 14
 10 5 20 35 8 9 12 2
 27 6 28 16 15 25 34 31
 33 30 32 23 29 3 1 36

5497

 35 12 2 20 9 8
 37 6 39 16 27 22 18
 36 19 5 23 33 29 3 14
 1 34 32 25 28 15 31 30
 4 7 17 24 21 10 11 13 38 26 0

5497

 23 36 30 32 1 29
 5 25 31 34 15 28 33 3
 2 19 12 35 14 9 8 20
 10 13 38 7 0 26 17 21 4 11 24
 18 27 16 39 37 6 22

{{23, 36, 30, 32, 1, 29}, {5, 25, 31, 34, 15, 28, 33, 3}, {2, 19, 12, 35, 14, 9, 8, 20}, {10, 13, 38, 7, 0, 26, 17, 21, 4, 11, 24}, {18, 27, 16, 39, 37, 6, 22}}
5546 5417.8
Process returned 0 (0x0)   execution time : 610.099 s
Press any key to continue.

instancias-Grupos/TipoD/40_5_B.txt

 5 36 23 14 29 19
 10 17 21 24 4 13 11 38 3 33
 15 0 26 12 28 31 20 7 34 25
 18 37 32 22 39 1 30
 35 27 8 6 16 9 2

4935

 33 27 16 6 3 19 14
 39 18 29 23 36 37 22
 32 1 28 15 31 30 34 25
 13 7 17 21 4 26 24 38 11 0
 10 8 12 5 9 35 2 20

5497

 22 37 39 32 1 18 30
 38 11 4 23 3 17 24 33 36 13
 5 28 31 34 25 19 15 14
 10 29 21 6 27 16
 12 20 2 26 35 9 7 0 8

4702

 30 27 1 6 32 16
 12 9 35 19 2 8 20 14
 33 10 15 34 28 25 31 3
 39 36 37 18 22 23 29
 38 21 24 7 0 17 13 4 26 11 5

5546

 37 16 6 39 22 18 27
 30 1 33 28 34 25 32 3 15
 9 2 20 35 8 12
 10 23 31 14 29 19 36
 26 7 11 38 21 17 4 0 5 24 13

5421

 9 30 20 12 2 32 35 1
 5 33 29 23 3 36
 27 22 39 18 6 16 37
 31 10 28 25 34 15 19 14
 4 38 11 26 8 24 21 0 13 17 7

5341

 9 16 27 2 35 12 20 6
 18 22 37 36 39 23 29
 38 11 4 21 13 0 26 17 7 24
 10 32 14 30 19 1
 3 34 31 15 28 25 5 8 33

5390

 38 34 33 31 3 15 28 25
 36 17 13 29 24 4 23 21 11
 20 27 12 0 16 26 6 7 35
 5 18 22 37 19 14 39
 1 30 9 32 10 8 2

4850

 19 29 36 23 14
 1 30 6 16 3 32 33 27
 31 8 2 9 12 20 35 10
 37 28 22 34 25 39 15 18
 4 38 0 5 11 21 17 24 26 13 7

5372

 35 20 32 30 1 8 12
 38 11 25 24 34 4 13 21 17
 5 28 9 14 19 2 15 31
 39 23 36 29 22 37 18
 0 6 7 16 10 33 26 3 27

4864

 30 27 1 6 32 16
 12 9 35 19 2 8 20 14
 33 10 15 34 28 25 31 3
 39 36 37 18 22 23 29
 38 21 24 7 0 17 13 4 26 11 5

{{30, 27, 1, 6, 32, 16}, {12, 9, 35, 19, 2, 8, 20, 14}, {33, 10, 15, 34, 28, 25, 31, 3}, {39, 36, 37, 18, 22, 23, 29}, {38, 21, 24, 7, 0, 17, 13, 4, 26, 11, 5}}
5546 5191,8
Process returned 0 (0x0)   execution time : 611.328 s
Press any key to continue.