instancias-Grupos/TipoD/40_10_A.txt

 38 10 23
 6 1 21 25
 24 0 17
 7 29 37 11
 9 35 20 16
 30 2 27
 8 3 34 33 36
 18 13 31 28
 4 12 14 32 26
 5 22 19 39

5860

 2 27
 38 10 23
 24 3 0 17 34
 37 5 11 29
 18 4 31 28
 15 19
 13 9 16 7 20
 1 21 6 25
 8 35 33 36
 14 39 12 32 22 26 30

5621

 11 5 37 19
 1 25 21 6
 8 34 33 3 36
 35 30 12
 23 38 10
 29 9 16 20
 27 2
 4 28 14 18 32 26
 0 17 24 15
 7 31 13 39 22

5620

 37 11 19 5
 25 1
 3 34 35
 29 7 21 16 6
 30 27 2
 24 0 17
 31 13 28 18
 26 14 32 4 12
 9 36 8 33 20
 39 38 22 23 10

5990

 0 24 17
 15 34 3
 29 20 9 16
 5 11 7 37
 38 23 10
 19 36 33 8
 13 27 2
 31 28 4 18
 22 12 14 26 32 30
 6 1 21 39 25

5686

 5 16 7 9 11 20
 8 36 33
 2 27
 34 35 3
 29 37 19
 10 38 23
 4 26 14 15
 13 25 1
 12 17 30 32 0 24
 18 28 21 31 22 6 39

4703

 14 32 30 12 26
 1 25 6 21
 4 31 18 28
 36 33 34 8 3
 5 37 19 11
 20 10 23 38
 2 27
 15
 29 9 16 7
 0 17 22 24 13 39

6083


 24 17 0 25 8
 7 19 11 5
 9 16 29 20 36
 10 38 15
 26 4 32 12 14
 31 37 6 23
 13 28 1 18
 27 30 39 34 2
 21 3 22 35 33

4463

 36 8 35 33
 21 6
 9 16 29 7
 25 1
 11 37 19 5
 27 13 2
 20 10 38 23
 31 28 18 4
 22 30 32 12 26 14
 3 17 34 24 0 39

5934

 35 34 36 3

 18 26 32 13 14 28
 31 27 2
 19 37 7 11
 29 20 39 38 9
 8 33 10 23
 12 21 25 6 30
 24 0 17 5 4
 1 16 15 22

3689

 14 32 30 12 26
 1 25 6 21
 4 31 18 28
 36 33 34 8 3
 5 37 19 11
 20 10 23 38
 2 27
 15
 29 9 16 7
 0 17 22 24 13 39

{{14, 32, 30, 12, 26}, {1, 25, 6, 21}, {4, 31, 18, 28}, {36, 33, 34, 8, 3}, {5, 37, 19, 11}, {20, 10, 23, 38}, {2, 27}, {15}, {29, 9, 16, 7}, {0, 17, 22, 24, 13, 39}}
6083 5364,9
Process returned 0 (0x0)   execution time : 611.390 s
Press any key to continue.

instancias-Grupos/TipoD/40_10_A.txt

 10 23 38
 17 24 0
 19 5 29
 31 12 30
 3 35 34
 33 15 8 36
 16 9 37 20 7 11
 2 13 27
 39 21 1 6 25
 4 32 26 28 14 18 22

5580

 14 30 26 32 12
 25 1
 37 11 19 5
 9 16 7 29
 36 8 2 33
 20 10 23 38
 18 28 13 31
 35 34 3
 4 15
 24 39 22 6 0 21 17

5701

 26 12 32 14 30
 2 27
 19 11 37 5
 8 36 33
 6 25 1 21
 28 4 31 18
 29 15
 13 7 9 20 16
 38 0 23 17 24
 3 22 34 39 35

5640

 30 27 2
 37 19 5 11
 15 17 24 0
 3 34 35
 21 6 36 33 8
 1 25
 29 9 16 7
 10 20 38 13
 14 12 4 32 26
 28 23 22 31 39 18

6080

 2 27
 1 25
 28 13 31 18
 4 15
 29 9 16 21 6
 34 8 33 3 36
 23 10 38 20
 7 11 5 37
 24 17 0 35
 12 32 26 30 14 39 22

5309

 11 7 9 37 20 16
 33 35 36 8
 27 2
 29 19 5
 4 26 31 28
 34 24 3 17 0
 25 1
 23 10 38
 14 12 18 30 32 6 21
 15 13 39 22

4749

 2 21 6 27
 29 16 9 20
 1 25
 37 11 7 5
 32 14 12 26 4
 31 13 28 18
 0 24 17
 30 10 23 38
 8 33 36 15
 39 19 34 3 22

5658

 25 1 21 6
 0 24 17
 38 10 15
 33 35 3 34
 2 30 27
 4 14 26 32 12
 9 16 29 20
 23 13 19
 36 31 8 28 18
 37 7 5 11 39 22

5744

 6 21 25 1
 30 27 12
 7 37 19 11
 15 17 0 24
 3 34 35
 29 20 9 5
 10 23 38
 26 18 4 14 32 28
 2 8 33 36
 39 22 13 16 31

5172

 26 32 14 18 4 28
 35 31 13
 38 23 10
 33 36 3 8 34
 5 20 7 16 11 9
 2 27
 15 24 0 17
 37 29 19
 12 21 30 6
 1 22 39 25

5201

 30 27 2
 37 19 5 11
 15 17 24 0
 3 34 35
 21 6 36 33 8
 1 25
 29 9 16 7
 10 20 38 13
 14 12 4 32 26
 28 23 22 31 39 18

{{30, 27, 2}, {37, 19, 5, 11}, {15, 17, 24, 0}, {3, 34, 35}, {21, 6, 36, 33, 8}, {1, 25}, {29, 9, 16, 7}, {10, 20, 38, 13}, {14, 12, 4, 32, 26}, {28, 23, 22, 31, 39, 18}}
6080 5483.4
Process returned 0 (0x0)   execution time : 611.856 s
Press any key to continue.