
 68 60 56 44 49 55 14 70 34 53 50 52 48 61 46 51 66
 25 17 59 62 15 41 27 40 29
 5 0 7 42 65 11 81 12 2 1 8
 9 13 64 67 58
 36 33 26 28 31 21 72 16 10 35 39
 69 45 63 47
 77 76 18 24 57 80 75 78 79 32 6 71 3 30 23 4 74 19
 38 54 73 20 22 37 43

1205.36

 41 27 59 64
 79 6 81 7 11 1 5 0 25 8 2 62
 77 19 26 18 4 80 24 71 57 78 30 3 20 73 10 74 76 54 23
 75 17 9 42 37 40
 12 28 39 31
 47 45 69 58 50 61 52 70 60 49 51 48 68 13 46 63 56
 33 21 15 32 36 16 29 35
 22 34 67 55 14 72 43 44 53 66 38 65

1240.61

 42 17 41 40
 18 77 25 80 76 78 19 4 81 23 75 3 26 73 74 57 38
 59 65 27 15 62
 43 12 8 30
 28 32 21 36 39 35 33 10 31 22 29
 16 2 1 79 47 11 6 7 5 0 24 71
 46 69 49 44 56 63 50 68 52 70 58 51 48 45 60 13 61
 64 37 72 9 34 20 55 66 14 53 54 67

1272.61

 3 80 25 77 78 15 20 19 74 18 26 12 76 1 32 57
 30 59 47 27 62 8 29 81
 36 22 39 21 10 31 16 33 35 28
 67 34 66 55 14 53 72
 40 38 24 17 41 37 75 73 9 42 23 4
 46 56 50 70 45 79 49 63 61 52 5 51 60 58 48 13 69 68
 44 43 65 64
 0 71 7 2 54 6 11

1165.51

 35 21 36 16
 27 32 33 29 15
 46 68 49 66 61 63 70 59 69 45 60 48 62 47
 25 80 5 1 2 11 8 10 13 79 57 30 7 6 81
 12 42 64
 24 74 77 9 23 37 71 3 73 20 19 18 38 4 75 78 54 76
 58 44 51 55 50 72 67 14 43 52 65 34 56 53
 28 31 17 41 26 40 39 22 0

1219.64

 56 55 58 66 49 67 53 34 50 48 51 44 70 65 13 52 72
 31 35 21 39 36 28
 27 54 73 59 19 80 4 26 71 76 12 77 25 74 38 23
 79 6 81 1 30 57 0 8 78 10 5 11 2 16
 33 32 29 15
 24 7 3 41 20
 22 37 75 17 42 40 18 9 14
 61 62 63 60 46 47 64 68 43 45 69

1094.01

 66 68 56 60 50 61 52 13 63 70 47 69 48 59 49 58 46
 25 11 1 57 79 2 7 80 5 78 6 81 12 30 71
 76 23 26 18 39 28 10 38 36 19 21 73 24 74 4 77
 43 64 44 65
 75 17 8 9 37 42 40
 15 33 32 20 29 27 41 3 62
 0 22 16
 67 14 34 55 54 31 72 35 45 53 51

1161.22

 52 63 45 48 51 61 50 60 68 58 13 49 46 70 56 67 47
 39 16 35 26 21 28 36 31 23 33 10
 41 12 18
 76 24 81 32 25 5 4 6 3 79 78 77 57 74 30 80 19 73 20
 1 7 2 11 0 71
 37 40 65 43 8 17 75 69 44 9 42
 66 14 64 55 53 34 72
 54 59 27 62 38 22 15 29

1191.13

 27 29 62
 58 50 60 49 61 46 48 13 70 66 47 63 59 51 14 44
 39 34 36 72 67 31 21 35 28 53 33 55
 12 15 32 71 78 20 37 4 76 80 77 19 3 25 23 26
 30 16 75 18 79 7 10 9 57 73 81 74 8
 11 5 24 0 2 6 1
 22 54 42
 45 64 65 52 43 38 41 69 40 56 17 68

1089.19

 65 43 64 44
 5 1 71 7 11 6 0 2 47 79
 48 52 58 51 60 61 69 46 67 66 70 68 63 56 45 49 50
 34 53 72 55 14
 37 81 18 77 76 80 74 13 32 19 4 75 24 23 78 73 57 3
 40 17 28 31 15 27 25 26 39 59
 10 8 21 22 35 29 36 33 16 30
 20 41 54 42 9 12 38 62

1278.77

1278.77 127.877